0.000000000000000000e+00
6.657704587464291501e-01
3.149148317407560738e-01
8.311003733801888282e-01
5.183553597650514266e-01
8.035668789808917412e-01
7.593940586267952098e-01
6.672973825291705907e-01
8.632990184342830275e-01
8.357654550278589278e-01
8.423900789177001247e-01
7.762691853600944825e-01
8.579272477693892229e-01
8.861601432591456051e-01
8.424618859401467041e-01
8.722222222222222321e-01
8.889439762022806057e-01
8.894945490584738046e-01
8.772504091653028357e-01
8.920010772959870993e-01
9.001251564455569065e-01
8.979036210182412825e-01
8.748936170212765484e-01
9.056016597510373467e-01
9.097130823901027341e-01
8.843187660668381245e-01
9.065543564095814855e-01
9.055338177752934037e-01
9.147883452446400332e-01
9.143318965517240882e-01
9.131652661064425525e-01
9.172046028627560688e-01
9.265781630994310847e-01
9.294940796555436480e-01
9.239898276349252093e-01
9.341117597998331856e-01
9.375173562899195012e-01
9.390779363336991814e-01
9.311512415349887384e-01
