8.977725051823198799e-01
8.898695475290778756e-01
8.700114452636070750e-01
9.094349335657065936e-01
9.028176453915327526e-01
8.857756655961877001e-01
9.195975792069401855e-01
9.007129997454226267e-01
9.306710070101913423e-01
9.224068838196823883e-01
9.406743182791629243e-01
9.294627640836372606e-01
9.560284617102798865e-01
9.533499963298950330e-01
9.496017658424928953e-01
9.594960325543511193e-01
9.588410325993845795e-01
9.609519495091780605e-01
9.551803199945485545e-01
9.604304736730862047e-01
9.652702016829919351e-01
9.676966699266159599e-01
9.630197382921397153e-01
9.678273978837181879e-01
9.682562287756925068e-01
9.677478339470578783e-01
9.667791563992684800e-01
9.710520954754842116e-01
9.718987729380181850e-01
9.691280846063454746e-01
9.728440322531575202e-01
9.753496657179105966e-01
9.761141955852918883e-01
9.775404203676197890e-01
9.785029664614155465e-01
9.799462022367265712e-01
9.807905041336542062e-01
9.803686005652644253e-01
9.796184245614728558e-01
