4.997487437185929582e-01
4.989924433249370295e-01
5.835858585858585412e-01
8.053164556962025822e-01
6.670050761421320029e-01
8.038167938931297662e-01
6.880102040816326037e-01
7.301790281329922916e-01
8.535897435897435992e-01
8.408740359897172167e-01
8.198453608247422419e-01
8.041343669250645698e-01
8.391191709844559865e-01
8.844155844155844326e-01
8.546875000000000444e-01
8.798955613577023049e-01
8.827225130890052895e-01
8.829396325459317740e-01
8.815789473684210176e-01
8.941952506596305694e-01
8.944444444444444864e-01
9.005305039787798727e-01
8.827127659574468543e-01
9.029333333333333655e-01
9.082887700534759690e-01
8.914209115281501727e-01
9.045698924731182533e-01
9.088948787061994494e-01
9.162162162162161838e-01
9.138211382113821113e-01
9.157608695652174058e-01
9.196185286103542023e-01
9.259562841530054600e-01
9.282191780821917870e-01
9.260989010989011394e-01
9.347107438016528658e-01
9.378453038674032793e-01
9.385041551246537939e-01
9.322222222222221744e-01
