1.087367608959993959e+00
1.515378871660004734e+00
2.072254738194260426e+00
2.455313560315062205e+00
2.997531580122313244e+00
3.397332207747467692e+00
4.089040164424432078e+00
4.510560064456058171e+00
5.099745631298674198e+00
5.893814752187154227e+00
6.350439927846082355e+00
7.125080292070606447e+00
7.740363454727457793e+00
7.942323137202492944e+00
9.025522828607336123e+00
9.757861352806912691e+00
1.035965587524128750e+01
1.071182438124856162e+01
1.178030977557546066e+01
1.215410389772546296e+01
1.272196320634589028e+01
1.386411759121233445e+01
1.342544533767159010e+01
1.409821890590660587e+01
1.481976429412702601e+01
1.539290213818526354e+01
1.614859785026806094e+01
1.683884109140763030e+01
1.855087716147113497e+01
1.874950370733404270e+01
1.902126339305914371e+01
1.997389427875668844e+01
2.042119231693595793e+01
2.126229270533212912e+01
2.200854281972942772e+01
2.282472080597426611e+01
2.354068017540703295e+01
2.438774805011053104e+01
2.533679348323448721e+01
