4.997487437185929582e-01
5.002512562814069863e-01
5.856783919597989829e-01
8.062814070351759232e-01
6.698492462311558260e-01
8.057788944723618396e-01
6.919597989949748396e-01
7.341708542713567542e-01
8.555276381909547867e-01
8.429648241206030290e-01
8.226130653266331416e-01
8.077889447236180631e-01
8.422110552763819591e-01
8.861809045226131110e-01
8.577889447236181075e-01
8.821608040201005529e-01
8.849246231155778464e-01
8.849246231155778464e-01
8.836683417085426928e-01
8.957286432160803669e-01
8.959798994974874642e-01
9.020100502512562457e-01
8.849246231155778464e-01
9.040201005025125802e-01
9.090452261306533055e-01
8.932160804020100597e-01
9.055276381909547201e-01
9.095477386934673891e-01
9.160804020100502543e-01
9.140703517587939197e-01
9.160804020100502543e-01
9.198492462311558260e-01
9.253768844221105239e-01
9.276381909547738447e-01
9.256281407035176212e-01
9.334170854271356399e-01
9.359296482412060580e-01
9.366834170854271280e-01
9.309045226130653328e-01
