6.659963130551366239e-01
5.017561465127946818e-03
6.726716519374575931e-01
1.521231917872142014e-01
7.362658108363224763e-01
5.388026607538802804e-01
7.753463160008030597e-01
7.962684321396328313e-01
8.672188084424259369e-01
8.079231692677071308e-01
8.419398293668611810e-01
8.735236220472440971e-01
8.454148471615721139e-01
8.836754643206256032e-01
7.692793931731984891e-01
8.944036464927830332e-01
8.723153174415860800e-01
7.437153117858308349e-01
8.894336847266486323e-01
8.387871510057040014e-01
8.926637124569177795e-01
9.072642967542503545e-01
8.998330550918196558e-01
9.024087409982616270e-01
9.152722443559097032e-01
9.163538873994638845e-01
9.032258064516129892e-01
8.913793103448276467e-01
8.871519296531509280e-01
9.137445610442794797e-01
9.153112731351653597e-01
9.210731961448294092e-01
9.300213675213674369e-01
9.091831557584981738e-01
9.287717330342120103e-01
9.348302300109528895e-01
9.249146757679180819e-01
9.370319001386961943e-01
9.293304994686503173e-01
