4.992462311557788746e-01
5.005037783375314575e-01
5.136363636363636687e-01
5.400000000000000355e-01
6.454314720812183159e-01
6.824427480916031019e-01
7.145408163265306589e-01
8.268542199488491118e-01
8.725641025641025506e-01
8.354755784061697055e-01
8.185567010309278135e-01
8.671834625322997203e-01
8.624352331606217614e-01
8.763636363636363447e-01
8.098958333333333703e-01
8.911227154046997834e-01
8.583769633507853936e-01
7.939632545931758489e-01
8.813157894736841635e-01
8.583113456464379620e-01
8.846560846560846958e-01
9.045092838196286955e-01
9.042553191489361986e-01
8.951999999999999957e-01
9.147058823529411464e-01
9.163538873994637735e-01
8.959677419354838968e-01
8.981132075471698339e-01
8.751351351351351893e-01
9.086720867208671892e-01
9.179347826086956541e-01
9.174386920980925897e-01
9.284153005464480524e-01
9.019178082191781076e-01
9.302197802197802456e-01
9.344352617079889622e-01
9.270718232044199425e-01
9.371191135734071587e-01
9.261111111111111072e-01
