8.435845287393648473e-01
9.000289577665820939e-01
9.112562267259021187e-01
9.315165913835505851e-01
9.317333432279479855e-01
9.452492729608782396e-01
9.483721492014133281e-01
9.458809172960027656e-01
9.479683870804861412e-01
9.453103026791322971e-01
9.533653948347327045e-01
9.537091961184982480e-01
9.574272106217337486e-01
9.610767309365441102e-01
9.606053725717104141e-01
9.625324325614054155e-01
9.649982182505963957e-01
9.650016533480296754e-01
9.681113573407201800e-01
9.677795921822681668e-01
9.678323314938903632e-01
9.702425177810349854e-01
9.712386501116456738e-01
9.712725006478230005e-01
9.730209614229746728e-01
9.738087598728546457e-01
9.738966253525344063e-01
9.753739003273443897e-01
9.744013412480525549e-01
9.767181429978166740e-01
9.773383731230381732e-01
9.787471879663521834e-01
9.800546209855427460e-01
9.806189528992305116e-01
9.812108137220805215e-01
9.813973947063581171e-01
9.817836893233519158e-01
9.812971664596383814e-01
9.807215811377545389e-01
