1.932616214002337074e+00
2.520226554172040778e+00
3.410126512986607850e+00
3.974621707649930613e+00
4.799281711746516521e+00
5.743777308403878123e+00
6.523696541602475918e+00
7.394667663385916967e+00
8.202591414325070218e+00
9.116921983442807687e+00
1.011308079203263333e+01
1.102032598380901618e+01
1.190429309376850142e+01
1.289008812673455395e+01
1.383933239733960363e+01
1.483094823372448445e+01
1.580940343500515155e+01
1.683343076725032006e+01
1.783581665089332091e+01
1.911547565641740221e+01
1.997538977486874501e+01
2.096666690900565300e+01
2.219266341848924640e+01
2.327093571200384758e+01
2.441153520643092634e+01
2.552400915693579009e+01
2.675363003707388998e+01
2.779326547028904315e+01
2.895405025024228962e+01
3.017369609256456897e+01
3.138166483274108032e+01
3.269683540054211335e+01
3.381957604913259274e+01
3.520320210474346823e+01
3.642453247756748169e+01
3.762502838555701601e+01
3.879102627209067577e+01
4.019830033053403895e+01
4.158900534867279930e+01
