4.992462311557788746e-01
5.017587939698492372e-01
5.160804020100502321e-01
5.434673366834170682e-01
6.489949748743718549e-01
6.864321608040201417e-01
7.188442211055275921e-01
8.293969849246231041e-01
8.746231155778894095e-01
8.381909547738694011e-01
8.221105527638190580e-01
8.695979899497487953e-01
8.645728643216080700e-01
8.783919597989949812e-01
8.143216080402010393e-01
8.929648241206029624e-01
8.615577889447235682e-01
8.002512562814070307e-01
8.841708542713567764e-01
8.623115577889447492e-01
8.874371859296482645e-01
9.065326633165828873e-01
9.062814070351759010e-01
8.977386934673367014e-01
9.163316582914572406e-01
9.178391959798994915e-01
8.989949748743718549e-01
9.012562814070351758e-01
8.801507537688442184e-01
9.110552763819095290e-01
9.195979899497487287e-01
9.193467336683417424e-01
9.293969849246230819e-01
9.052763819095477338e-01
9.314070351758794164e-01
9.354271356783919744e-01
9.288944723618089983e-01
9.381909547738693789e-01
9.283919597989950256e-01
