0.000000000000000000e+00
0.000000000000000000e+00
6.664421619801312868e-01
5.946304275770633030e-01
6.714383094751192882e-01
8.495352926400401294e-01
6.186703410265241843e-01
6.786024682774204342e-01
6.947518743305962641e-01
6.838300123435020472e-01
7.217960710944808511e-01
8.059384941675503677e-01
7.681188516362177365e-01
8.542857142857143149e-01
8.878528878528877399e-01
8.614527732652588199e-01
8.730196263892172626e-01
8.837994214079073485e-01
8.338922423429465658e-01
8.817722128581748642e-01
8.758949880668257526e-01
8.965345300423834818e-01
8.779898526214060528e-01
9.109217660728117227e-01
9.107380762057020185e-01
9.072164948453608213e-01
9.017902813299233378e-01
9.125957222075522512e-01
9.213605442176870941e-01
9.174008810572686912e-01
9.088351153629713464e-01
8.956596723196320609e-01
9.081661486295563579e-01
9.063478508397381228e-01
9.117147707979625926e-01
9.066971951917573991e-01
9.024249422632794060e-01
9.052570768341999807e-01
9.056277056277055593e-01
