7.852310005381178959e-01
8.412469757407007309e-01
8.764260984659979492e-01
8.832608577499394542e-01
8.965160143265736847e-01
9.203532351399452693e-01
9.297680471074675213e-01
9.388205072924863392e-01
9.474334061540183871e-01
9.447764717264574008e-01
9.530216571313787632e-01
9.563156348485658542e-01
9.576043581725399712e-01
9.591386010362693559e-01
9.566225330839108754e-01
9.589157940663175506e-01
9.617721675130034287e-01
9.648580876274456264e-01
9.655334609810255486e-01
9.661420739097114074e-01
9.683023911293167085e-01
9.688017147630381132e-01
9.689450905650298651e-01
9.693221796931537071e-01
9.685144528722005042e-01
9.702176146317353922e-01
9.704111530972346911e-01
9.709538479423390767e-01
9.709806609816076239e-01
9.711714363692502960e-01
9.715459305925109312e-01
9.707218210669715797e-01
9.716143219625581473e-01
9.718503123122456122e-01
9.730151671184767981e-01
9.729534864447155762e-01
9.722009558277654451e-01
9.727742648413040261e-01
9.734213024052595919e-01
