4.997487437185929582e-01
4.994962216624684870e-01
4.997474747474747736e-01
6.903797468354430089e-01
5.106598984771573146e-01
8.475826972010178650e-01
7.176020408163265030e-01
5.271099744245524299e-01
5.615384615384615419e-01
5.390745501285346686e-01
6.167525773195876582e-01
7.635658914728682412e-01
7.007772020725389073e-01
8.675324675324674883e-01
8.872395833333333037e-01
8.441253263707572119e-01
8.594240837696335289e-01
8.734908136482939511e-01
8.044736842105263408e-01
8.704485488126648685e-01
8.624338624338624415e-01
8.899204244031829747e-01
8.656914893617021489e-01
9.080000000000000293e-01
9.104278074866309911e-01
9.034852546916890548e-01
8.967741935483870552e-01
9.107816711590296377e-01
9.218918918918919125e-01
9.186991869918699205e-01
9.119565217391304435e-01
9.010899182561308285e-01
9.112021857923496837e-01
9.098630136986300965e-01
9.142857142857142572e-01
9.101928374655647858e-01
9.066298342541436739e-01
9.091412742382271039e-01
9.091666666666666785e-01
