1.649459123693304718e+00
2.428985581622328027e+00
3.292679192672949284e+00
4.140258773870300502e+00
5.099656379432417452e+00
6.051278794528116123e+00
6.981979057747594197e+00
7.758157406873579021e+00
8.598315468057990074e+00
9.374299661940312944e+00
1.051004710616689408e+01
1.137507243401887536e+01
1.274801386456601904e+01
1.351737283152397140e+01
1.406347550714599492e+01
1.517150151710484351e+01
1.615015855298770475e+01
1.711020362779527204e+01
1.817338661911162490e+01
1.917511434418156568e+01
2.030419208539387910e+01
2.125809988731271005e+01
2.249481105145241600e+01
2.350718823436545790e+01
2.455122597916852101e+01
2.567736915369096096e+01
2.688092296441755025e+01
2.803244017644829000e+01
2.922606854877813021e+01
3.042713298137459788e+01
3.162508665353743709e+01
3.286219297063871636e+01
3.407552467888308456e+01
3.509316244250658201e+01
3.627123359142206027e+01
3.751406406695241458e+01
3.876320886442772462e+01
4.162715308114638901e+01
4.137507328932770179e+01
