4.997487437185929582e-01
5.005025125628140836e-01
5.020100502512563345e-01
6.924623115577889232e-01
5.153266331658291621e-01
8.492462311557789079e-01
7.216080402010049966e-01
5.349246231155778686e-01
5.698492462311557372e-01
5.487437185929647798e-01
6.251256281407034932e-01
7.688442211055276365e-01
7.085427135678391553e-01
8.701005025125627679e-01
8.889447236180904044e-01
8.477386934673366570e-01
8.628140703517588328e-01
8.766331658291457440e-01
8.110552763819095512e-01
8.743718592964824232e-01
8.670854271356783771e-01
8.929648241206029624e-01
8.701005025125627679e-01
9.103015075376884591e-01
9.123115577889446826e-01
9.057788944723618174e-01
8.997487437185929249e-01
9.130653266331658635e-01
9.236180904522612867e-01
9.206030150753768959e-01
9.143216080402010171e-01
9.045226130653266639e-01
9.140703517587939197e-01
9.130653266331658635e-01
9.173366834170854078e-01
9.138190954773869334e-01
9.108040201005025427e-01
9.133165829145728498e-01
9.135678391959799471e-01
