7.951866404715127734e-01
7.371007371007370912e-01
7.687028140013727473e-01
7.704204929917836120e-01
7.882009035344140768e-01
6.951456310679611228e-01
8.110574342458400920e-01
7.472187886279356706e-01
8.061520603598375523e-01
8.621870882740447772e-01
8.461909353905495701e-01
8.496468213925328916e-01
8.582909188320385629e-01
8.467357803306246877e-01
8.613376835236541407e-01
8.529484946504104492e-01
8.752378363685784368e-01
8.599999999999999867e-01
8.769647696476964294e-01
8.799342105263158187e-01
8.783068783068782581e-01
8.719101123595506264e-01
8.838105726872246271e-01
8.716356107660454544e-01
8.842604798312680980e-01
8.950159066808058839e-01
8.990527740189445671e-01
8.991780821917808586e-01
8.860190903986525646e-01
9.003852504127682899e-01
8.935223797609119778e-01
8.884462151394423302e-01
8.902821316614420999e-01
8.931818181818182989e-01
8.997734994337486247e-01
8.992072480181199090e-01
9.001682557487381553e-01
9.024802705749718212e-01
9.028140411952421118e-01
