8.778282114088027388e-01
8.972700797543287088e-01
8.591795427733315282e-01
8.501941629841032189e-01
8.860284720103563938e-01
9.197819524414323489e-01
9.129760130945575591e-01
9.330010465724751789e-01
9.379471237204797252e-01
9.397908969985853123e-01
9.311364859209662059e-01
9.320529382841609145e-01
9.286679418772442185e-01
9.283642715677773438e-01
9.278558609195352025e-01
9.344326533550612046e-01
9.409145919423257398e-01
9.420809427271331637e-01
9.420332169517480203e-01
9.427659778288688397e-01
9.474737854640901125e-01
9.446185124488877261e-01
9.453095380102333189e-01
9.464802345912928239e-01
9.503007861964358760e-01
9.576038254885363976e-01
9.568940075195423445e-01
9.565538336348510251e-01
9.511873998520352647e-01
9.565695483889921080e-01
9.517388864274110016e-01
9.543899695174828945e-01
9.572562516722089576e-01
9.563225017076888435e-01
9.574006160802189802e-01
9.559889085067163617e-01
9.577002256476381259e-01
9.605412271137828695e-01
9.614469582394519209e-01
