7.904522613065326775e-01
6.496221662468514291e-01
7.446969696969697461e-01
7.594936708860760000e-01
7.977157360406091913e-01
7.603053435114504044e-01
8.204081632653060785e-01
7.907928388746803261e-01
8.287179487179486825e-01
8.655526992287917443e-01
8.355670103092783796e-01
8.459948320413436251e-01
8.629533678756476922e-01
8.579220779220779747e-01
8.671875000000000000e-01
8.456919060052219272e-01
8.798429319371727786e-01
8.530183727034120755e-01
8.805263157894737125e-01
8.844327176781002775e-01
8.783068783068782581e-01
8.790450928381963180e-01
8.877659574468085291e-01
8.677333333333333565e-01
8.826203208556149260e-01
8.938337801608579047e-01
8.997311827956989694e-01
9.008086253369271823e-01
8.902702702702702808e-01
9.018970189701897011e-01
8.959239130434782927e-01
8.931880108991825384e-01
8.948087431693989569e-01
8.969863013698630150e-01
9.027472527472527597e-01
9.019283746556473469e-01
9.016574585635359629e-01
9.041551246537395947e-01
9.069444444444444420e-01
