1.082043882524885703e+00
1.512734707699564751e+00
1.978819107964227442e+00
2.481868715076416265e+00
2.979266007336264011e+00
3.509031643898197217e+00
4.064806396349013085e+00
4.642873088276246563e+00
5.058121722559008049e+00
5.582545094071974745e+00
6.207701722680212697e+00
6.695859958414075663e+00
7.301364988918066956e+00
7.811068906325090211e+00
8.433735300433909288e+00
8.988037637052912032e+00
9.634177581130643375e+00
1.017244371420019888e+01
1.086672348774663988e+01
1.148349636963757803e+01
1.210664857971642050e+01
1.276408160681967274e+01
1.353972144270301214e+01
1.511230046691343887e+01
1.466300579814560479e+01
1.530522158083476825e+01
1.601226770854918868e+01
1.671467549118096940e+01
1.744784919519588584e+01
1.810492812403754215e+01
1.882552364204457263e+01
1.960405100383650279e+01
2.030096213800061378e+01
2.102713812483489164e+01
2.176200534226518357e+01
2.252880512364572496e+01
2.341285889868595405e+01
2.408358985499944538e+01
2.494844662909599720e+01
