7.904522613065326775e-01
6.505025125628141058e-01
7.459798994974874420e-01
7.610552763819095068e-01
7.992462311557788635e-01
7.628140703517587440e-01
8.223618090452261553e-01
7.934673366834170682e-01
8.311557788944723413e-01
8.675879396984924607e-01
8.384422110552763874e-01
8.489949748743718105e-01
8.653266331658291399e-01
8.608040201005024983e-01
8.698492462311557816e-01
8.494974874371858942e-01
8.826633165829145256e-01
8.572864321608040239e-01
8.836683417085426928e-01
8.874371859296482645e-01
8.816582914572864693e-01
8.826633165829145256e-01
8.912060301507537252e-01
8.723618090452260887e-01
8.864321608040200973e-01
8.972361809045226178e-01
9.030150753768844130e-01
9.037688442211054829e-01
8.937185929648241434e-01
9.047738693467336502e-01
8.992462311557788412e-01
8.969849246231156314e-01
8.987437185929648686e-01
9.005025125628141058e-01
9.055276381909547201e-01
9.050251256281407475e-01
9.047738693467336502e-01
9.070351758793969710e-01
9.095477386934673891e-01
