6.657727120348642114e-01
6.655462184873949250e-01
6.648685097774780228e-01
6.650895572828657842e-01
6.648593697051846663e-01
6.641740312712440808e-01
6.634844868735083612e-01
6.630193195418020435e-01
6.632390745501285378e-01
6.633442172194534692e-01
6.635626832212451198e-01
6.634399308556612196e-01
6.677121449729918057e-01
6.720590821171091855e-01
6.761313220940550206e-01
6.896551724137931494e-01
6.921389396709324293e-01
7.033171822586655741e-01
7.323998444185141343e-01
7.570621468926552744e-01
7.898627243928193487e-01
8.622472966619652013e-01
8.984771573604061201e-01
8.964001099203077194e-01
8.854700854700854329e-01
8.960270498732036959e-01
8.960856096874120214e-01
8.951247165532879579e-01
8.892723612309463288e-01
8.904267589388695781e-01
8.871345029239765534e-01
8.708133971291865949e-01
8.888235294117647900e-01
9.024812463935373286e-01
8.955223880597016350e-01
8.917800118273210286e-01
8.793259103219981387e-01
8.727936701156421284e-01
8.787143723468768819e-01
