4.989949748743718327e-01
4.987405541561713007e-01
4.979797979797979668e-01
4.982278481012658022e-01
4.979695431472081490e-01
4.972010178117048373e-01
4.964285714285714413e-01
4.959079283887468104e-01
4.961538461538461675e-01
4.964010282776349370e-01
4.971649484536082575e-01
4.968992248062015227e-01
5.059585492227979264e-01
5.155844155844155896e-01
5.247395833333333703e-01
5.535248041775456818e-01
5.591623036649214784e-01
5.821522309711285592e-01
6.378947368421052921e-01
6.823218997361477633e-01
7.367724867724867455e-01
8.445623342175065940e-01
8.936170212765957022e-01
8.994666666666666366e-01
8.925133689839571671e-01
9.010723860589812118e-01
9.008064516129031807e-01
9.002695417789757792e-01
8.959459459459458985e-01
8.970189701897018919e-01
8.951086956521738802e-01
8.822888283378746976e-01
8.967213114754097880e-01
9.073972602739726057e-01
9.019230769230769384e-01
8.991735537190083116e-01
8.892265193370165743e-01
8.842105263157894468e-01
8.888888888888888395e-01
