8.705961792729649540e-01
8.989079234556620612e-01
9.139308467437485817e-01
9.291476438351669032e-01
9.409287071136218650e-01
9.399055296101839208e-01
9.460350955015405239e-01
9.417549830981410963e-01
9.492856250534219553e-01
9.545775615945859549e-01
9.562910007695282211e-01
9.584678719294952298e-01
9.628204012990025928e-01
9.618648744855184951e-01
9.621949581883659786e-01
9.657502026845166121e-01
9.664760883414970083e-01
9.673081756291997957e-01
9.675744333095552818e-01
9.686907953567269747e-01
9.690598092473703407e-01
9.691349407735796451e-01
9.676463939206942921e-01
9.659457845033564416e-01
9.687763090466517957e-01
9.699411997414766340e-01
9.688375017162512703e-01
9.694682577116189304e-01
9.695507707267587705e-01
9.701181753632261984e-01
9.698091662127786838e-01
9.681678100041309909e-01
9.700328711229810885e-01
9.725535763881069107e-01
9.711482637785041616e-01
9.708180472811444028e-01
9.702951468591578532e-01
9.712893444391618170e-01
9.719838355580068257e-01
