2.242299872857984155e+00
4.218053164251614362e+00
4.632679706672206521e+00
5.241688327339943498e+00
5.789045894984155893e+00
7.321232003218028694e+00
9.063841497700195760e+00
9.320924947562161833e+00
1.116862147388746962e+01
1.367569915042258799e+01
1.337656617647735402e+01
1.544808235589880496e+01
1.617832494701724499e+01
1.800930276117287576e+01
1.711925863585202023e+01
2.162558791757328436e+01
2.040949683065991849e+01
2.064272701379377395e+01
2.035196494264528155e+01
2.293689021863974631e+01
2.143617988505866379e+01
2.266217672557104379e+01
2.416110545187257230e+01
2.558584644307848066e+01
2.665303219639463350e+01
3.329659698467003182e+01
2.972780667291954160e+01
2.934540387231390923e+01
3.073260409745853394e+01
3.328764062339905649e+01
3.288009047455852851e+01
3.466619325347710401e+01
3.567395432136254385e+01
3.680205641785869375e+01
3.858011502190493047e+01
3.994148279674118385e+01
4.118814773566555232e+01
4.448170281626516953e+01
4.487380481348372996e+01
