4.989949748743718327e-01
5.000000000000000000e-01
5.005025125628140836e-01
5.017587939698492372e-01
5.027638190954774045e-01
5.032663316582914881e-01
5.037688442211055717e-01
5.045226130653266416e-01
5.060301507537688925e-01
5.072864321608040461e-01
5.092964824120602696e-01
5.100502512562814506e-01
5.201005025125627901e-01
5.304020100502512269e-01
5.402010050251255802e-01
5.690954773869346672e-01
5.756281407035176434e-01
5.987437185929648242e-01
6.527638190954774267e-01
6.959798994974873976e-01
7.482412060301507628e-01
8.510050251256281451e-01
8.977386934673367014e-01
9.035175879396984966e-01
8.972361809045226178e-01
9.055276381909547201e-01
9.055276381909547201e-01
9.050251256281407475e-01
9.010050251256281895e-01
9.022613065326633430e-01
9.002512562814070085e-01
8.884422110552764318e-01
9.020100502512562457e-01
9.120603015075376963e-01
9.070351758793969710e-01
9.047738693467336502e-01
8.959798994974874642e-01
8.914572864321608225e-01
8.959798994974874642e-01
