6.664432903333891156e-01
0.000000000000000000e+00
8.262476894639555480e-01
7.024616482340348966e-01
3.568464730290456521e-01
7.409375593091669376e-01
5.792310456342076863e-01
8.623809523809524702e-01
7.051871306631648517e-01
8.822629969418960272e-01
8.859984697781176921e-01
7.141918528252299003e-01
8.472032742155525264e-01
7.848729076255425152e-01
8.327423167848699848e-01
8.145423068599869643e-01
8.272754580955242742e-01
8.799108386737253262e-01
8.834733893557422668e-01
8.937809576224545749e-01
8.799308954794126114e-01
8.814836279339322012e-01
8.566744730679155539e-01
9.096402087338644193e-01
8.988707653701381028e-01
8.968894009216590302e-01
9.116589625064200897e-01
9.043280182232346087e-01
9.190992493744787328e-01
9.187831426179180472e-01
9.275758403935501217e-01
8.910065515187611807e-01
9.201369081574443110e-01
8.868151715833834103e-01
9.232409381663112535e-01
9.279050042408820698e-01
9.311385459533607634e-01
9.220122438115517793e-01
9.258830341632888761e-01
