4.997487437185929582e-01
4.992443324937027582e-01
8.101010101010100994e-01
5.777215189873418089e-01
6.065989847715735905e-01
6.526717557251908719e-01
7.012755102040816313e-01
8.521739130434782261e-01
7.697435897435896957e-01
8.812339331619537530e-01
8.847938144329896559e-01
7.751937984496124479e-01
8.259067357512953622e-01
8.197402597402597690e-01
8.526041666666667185e-01
7.762402088772846209e-01
8.494764397905759656e-01
8.868766404199475151e-01
8.905263157894737214e-01
8.981530343007915196e-01
8.896825396825396304e-01
8.915119363395225260e-01
8.372340425531914487e-01
9.122666666666666702e-01
8.922459893048128032e-01
9.040214477211796495e-01
9.075268817204300564e-01
9.094339622641509635e-01
9.213513513513513775e-01
9.211382113821138251e-01
9.279891304347825942e-01
9.002724795640326683e-01
9.234972677595628676e-01
8.969863013698630150e-01
9.208791208791208271e-01
9.297520661157024913e-01
9.306629834254143141e-01
9.188365650969528842e-01
9.288888888888888751e-01
