8.807392188932651189e-01
8.968644104790194360e-01
9.134552989034780968e-01
9.235039753926361783e-01
9.304262861286235475e-01
9.383795954699303277e-01
9.428546662047052607e-01
9.464715553853140229e-01
9.485956472309393650e-01
9.520561542412402378e-01
9.541103164504326495e-01
9.514214427341954883e-01
9.540125491830038218e-01
9.541774509589620035e-01
9.565411525223633804e-01
9.611345125016327318e-01
9.596860385335782562e-01
9.630664094791954177e-01
9.637548736487093759e-01
9.661403508771930770e-01
9.687571736834855729e-01
9.684459762195850585e-01
9.698651408108981409e-01
9.729058889889835582e-01
9.738011896591169947e-01
9.755598911613442281e-01
9.767255383725971241e-01
9.770699644782357973e-01
9.776880037190069928e-01
9.781562211364229764e-01
9.790793088170137715e-01
9.801810181588370696e-01
9.807984949832776467e-01
9.808331611892830981e-01
9.815714853312175192e-01
9.817586586263256088e-01
9.827076739733521249e-01
9.836457118300694358e-01
9.837855055698069284e-01
