1.611448649189696880e+00
2.444112632182623202e+00
3.321357443345732463e+00
4.171571933386985620e+00
5.059171111777231999e+00
6.027913427363273513e+00
6.759601374823432707e+00
7.661250709371415724e+00
8.562566473523929744e+00
9.495880619431773084e+00
1.044062511092306522e+01
1.139422418582125829e+01
1.228579883908923875e+01
1.333774857943899406e+01
1.434488185406962657e+01
1.625252519204877899e+01
1.744622139580405928e+01
1.919367695930941409e+01
1.944843963894027183e+01
2.013574134096143098e+01
2.108133002214844964e+01
2.219834908313032429e+01
2.317159844795696699e+01
2.440510841679360965e+01
2.599913613820399405e+01
2.688487502015323116e+01
2.792875321221890772e+01
2.801936675509159613e+01
2.928720325598942509e+01
3.048381606244083741e+01
3.162766658526970787e+01
3.451959533634362742e+01
3.620107409667616594e+01
3.706588913402993057e+01
4.077712408433853852e+01
3.887687959434470031e+01
4.056238300980567146e+01
4.300255480711348355e+01
4.178484709432450472e+01
