4.997487437185929582e-01
5.002512562814069863e-01
8.108040201005025649e-01
5.804020100502512713e-01
6.097989949748743310e-01
6.562814070351759010e-01
7.050251256281406809e-01
8.540201005025125358e-01
7.728643216080401945e-01
8.819095477386934556e-01
8.854271356783919300e-01
7.788944723618090871e-01
8.286432160804020342e-01
8.231155778894472252e-01
8.550251256281407031e-01
7.819095477386934778e-01
8.527638190954773822e-01
8.886934673366834181e-01
8.924623115577889898e-01
9.000000000000000222e-01
8.922110552763818925e-01
8.934673366834170460e-01
8.424623115577889454e-01
9.135678391959799471e-01
8.949748743718592969e-01
9.062814070351759010e-01
9.097989949748743754e-01
9.115577889447236126e-01
9.223618090452261331e-01
9.223618090452261331e-01
9.288944723618089983e-01
9.035175879396984966e-01
9.248743718592964402e-01
9.005025125628141058e-01
9.226130653266331194e-01
9.301507537688442628e-01
9.311557788944723191e-01
9.206030150753768959e-01
9.296482412060301792e-01
