7.973856209150327334e-01
0.000000000000000000e+00
6.662175816773324710e-01
6.676808654496281248e-01
6.200417536534446050e-01
1.238685088137208290e-01
1.897742975587286829e-01
2.584369449378330352e-01
1.827458256029684536e-01
3.090909090909090828e-01
4.830541488118425542e-01
5.926996747379833508e-01
6.553633217993080073e-01
7.686002522068096088e-01
7.112887112887112950e-01
7.302004600722972194e-01
7.045378151260504040e-01
7.651951375559820079e-01
7.842767295597484756e-01
8.118872549019607865e-01
8.052109181141439143e-01
8.230277185501065906e-01
8.032479700187381555e-01
8.134859263841633936e-01
8.001259049417690505e-01
8.090028133791810072e-01
8.017676767676767957e-01
7.983512999365884877e-01
7.937420178799489134e-01
7.950111928365846126e-01
8.120063191153238380e-01
8.355995055624226842e-01
8.482991112473184936e-01
8.414219474497682816e-01
8.385692068429239088e-01
8.445547626434998234e-01
8.530135301353013455e-01
8.581952117863719254e-01
8.523573200992554666e-01
