8.815324107977071666e-01
8.872919407627586352e-01
8.817902579229239812e-01
8.846008011536613536e-01
9.142966616755551224e-01
9.156225420587178476e-01
9.213772996752633837e-01
9.243977415947559617e-01
9.286822414889046584e-01
9.340009056397885479e-01
9.305607921880161282e-01
9.365205656017898672e-01
9.391622537669048754e-01
9.469683313111774137e-01
9.453397645556318452e-01
9.492184954220102000e-01
9.495269297527140218e-01
9.527575067766210770e-01
9.542628682168610155e-01
9.566833981941088583e-01
9.573223034069593407e-01
9.603371584968585228e-01
9.608153698680057531e-01
9.612000269653638851e-01
9.586590507695967878e-01
9.594554693845280813e-01
9.609567128647391598e-01
9.626394467436730773e-01
9.649931701473348777e-01
9.652208041800369731e-01
9.650462076852917015e-01
9.665858384871816034e-01
9.673513301099825323e-01
9.669110052650794485e-01
9.673762128294328688e-01
9.675401551321342053e-01
9.681401569366492321e-01
9.692942716198530428e-01
9.687790123456789804e-01
