7.896984924623116076e-01
4.997481108312342712e-01
4.994949494949494917e-01
5.022784810126582622e-01
7.228426395939085980e-01
5.320610687022900853e-01
5.512755102040816091e-01
5.728900255754475479e-01
5.482051282051282337e-01
5.897172236503855913e-01
6.579896907216494784e-01
7.087855297157622525e-01
7.419689119170984615e-01
8.093506493506493760e-01
7.742187499999999556e-01
7.856396866840731352e-01
7.698952879581152375e-01
8.073490813648294129e-01
8.194736842105263541e-01
8.379947229551450993e-01
8.338624338624338606e-01
8.458885941644562756e-01
8.324468085106383475e-01
8.391999999999999460e-01
8.302139037433154956e-01
8.361930294906165795e-01
8.311827956989247257e-01
8.285714285714286254e-01
8.254054054054054124e-01
8.262872628726287694e-01
8.383152173913043237e-01
8.550408719346048736e-01
8.647540983606557541e-01
8.594520547945205813e-01
8.574175824175823690e-01
8.619834710743801143e-01
8.679558011049723909e-01
8.720221606648199675e-01
8.677777777777777590e-01
