2.741930903826867993e+00
2.380173499519957936e+00
3.205758798461298298e+00
4.031729414305477377e+00
4.915602768636659903e+00
5.709087448975445511e+00
6.841977304364007750e+00
7.468310999065565170e+00
8.692381544988208475e+00
9.457871519692446327e+00
1.017498006059867066e+01
1.109525581236221115e+01
1.206798469851412392e+01
1.288653550496403000e+01
1.395689967434094569e+01
1.486326980522466101e+01
1.594886917400629045e+01
1.691237226488078704e+01
1.792428330414588800e+01
1.898980984332865773e+01
1.999326401050325330e+01
2.105758114213745102e+01
2.211410127291435401e+01
2.324591643199119062e+01
2.431760419272688978e+01
2.534291279906426553e+01
2.647053309299133161e+01
2.759552929755579953e+01
2.954095029155359953e+01
3.000622280383254292e+01
3.123263433169313430e+01
3.232287931369978651e+01
3.389834647302450321e+01
3.481002893084178140e+01
3.586181663448564905e+01
3.701678416480103806e+01
3.847356773088540649e+01
3.955044550930483638e+01
4.068985838213939132e+01
