7.896984924623116076e-01
5.010050251256281673e-01
5.020100502512563345e-01
5.057788944723617952e-01
7.253768844221105683e-01
5.374371859296482867e-01
5.572864321608039795e-01
5.796482412060302014e-01
5.565326633165829096e-01
5.982412060301507406e-01
6.658291457286432680e-01
7.160804020100502987e-01
7.489949748743718327e-01
8.148241206030151229e-01
7.809045226130653106e-01
7.922110552763819147e-01
7.776381909547738225e-01
8.140703517587939420e-01
8.261306532663316160e-01
8.439698492462311963e-01
8.404522613065326109e-01
8.522613065326632986e-01
8.396984924623115409e-01
8.464824120603015034e-01
8.381909547738694011e-01
8.439698492462311963e-01
8.396984924623115409e-01
8.376884422110553174e-01
8.349246231155779130e-01
8.361809045226130666e-01
8.477386934673366570e-01
8.635678391959799027e-01
8.728643216080401723e-01
8.680904522613065444e-01
8.665829145728642935e-01
8.708542713567839488e-01
8.766331658291457440e-01
8.806532663316583021e-01
8.768844221105527303e-01
