0.000000000000000000e+00
0.000000000000000000e+00
6.664421619801312868e-01
1.011633788568538223e-03
8.530170190820010045e-01
6.676870748299319480e-01
8.491645685511559627e-01
6.793109448407864681e-01
8.627636880777435069e-01
8.689720065866854970e-01
7.600631412786108543e-01
5.490922563912560284e-01
6.924101198402130564e-01
7.208920957691046238e-01
8.720038350910834790e-01
8.376018626309661430e-01
8.606232294617564005e-01
8.423817863397548011e-01
8.573898012100258370e-01
8.726042841037204845e-01
9.027850761954807624e-01
8.946433104848946494e-01
8.967626816212082019e-01
9.060052219321148570e-01
9.042694245558208221e-01
8.950153160679475972e-01
8.979364194088120810e-01
9.053610503282275568e-01
9.061822125813449036e-01
9.082642417758758357e-01
9.056308654848800321e-01
9.064373208235599888e-01
9.097684322597817674e-01
9.121153313002494656e-01
9.157549234135666794e-01
9.136971046770602234e-01
9.069701280227595586e-01
9.045571797076525922e-01
9.005235602094241454e-01
8.900772430184195061e-01
9.043173862310385225e-01
9.080325960419092235e-01
9.065338411954292352e-01
9.047619047619047672e-01
9.038348082595870636e-01
9.081303199295568396e-01
9.092511013215859306e-01
9.103204939723610334e-01
9.120943952802360588e-01
9.084967320261437829e-01
9.101224246043595478e-01
9.099072134091588104e-01
9.072289156626506257e-01
9.096367457220053687e-01
9.083232810615198272e-01
9.087613293051359786e-01
9.072666463970811002e-01
9.080982711555960485e-01
9.122276029055689239e-01
9.124620060790273879e-01
9.093144789425146035e-01
9.149649497104540563e-01
9.166920964296612073e-01
9.138829298191848416e-01
9.125193199381762543e-01
9.111249223119950447e-01
9.132732359341001471e-01
9.143214509068167128e-01
9.165364176305094146e-01
9.144654088050313545e-01
9.110477999366889401e-01
9.145028499050031900e-01
9.135959339263024503e-01
9.119336311423100749e-01
9.139199999999999546e-01
9.164265129682996891e-01
9.182954181352130929e-01
9.211114659853081310e-01
9.196141479099678717e-01
9.250000000000000444e-01
9.249597423510467209e-01
9.245161290322581049e-01
9.237755433019785301e-01
9.295683219733852365e-01
9.267015706806281949e-01
9.289689034369884579e-01
9.272787101020072420e-01
9.263296993723159067e-01
9.284768211920529923e-01
9.264069264069264564e-01
9.278074866310160873e-01
9.284759358288771081e-01
9.270097544567776904e-01
9.280162216965189836e-01
9.259510869565217295e-01
9.239686327991817327e-01
9.233401779603012116e-01
9.239726027397260344e-01
9.219663114472327337e-01
9.246646026831785159e-01
9.247757073844029563e-01
9.243055555555556024e-01
9.245217391304348942e-01
9.237762237762237039e-01
9.236159775753327583e-01
9.262640449438201973e-01
9.267089499647639395e-01
9.259652851576336552e-01
9.268465909090909394e-01
9.269682935518347433e-01
9.284442862228550197e-01
9.287504475474400722e-01
9.261793302124594618e-01
9.277238403451995019e-01
9.265291349981902291e-01
9.277676950998184902e-01
9.262235208181155421e-01
9.269005847953215582e-01
9.269188395152405668e-01
9.263080324244656882e-01
9.260901699926089581e-01
9.259397097134350885e-01
9.238237490664674700e-01
9.253283302063790572e-01
9.252265861027191285e-01
9.249431387414708272e-01
9.230769230769231282e-01
9.253048780487804770e-01
9.243119266055045413e-01
9.264931087289433043e-01
9.269792467332820252e-01
9.258687258687258170e-01
9.242718446601940752e-01
9.248149590962212452e-01
9.262582910651581125e-01
9.259114072912584259e-01
9.246548323471399655e-01
9.256916996047430679e-01
9.255150554675118935e-01
9.246711837385411803e-01
9.294539657233957808e-01
9.280000000000001581e-01
9.284565916398713759e-01
9.258662369057211183e-01
9.277934651068978633e-01
9.275596924322137005e-01
9.288906948394961560e-01
9.281632653061224758e-01
9.272503082614056424e-01
9.273327828241122450e-01
9.284828441504753282e-01
9.251247920133111036e-01
9.264214046822742965e-01
9.277310924369747136e-01
9.285412262156448326e-01
9.269328802039081827e-01
9.279931827865359750e-01
9.281437125748502881e-01
9.287553648068669343e-01
9.277993947254646878e-01
9.275488069414317138e-01
9.274475524475525035e-01
9.280070237050044302e-01
9.290436315557514257e-01
9.283185840707963710e-01
9.288256227758006078e-01
9.292748433303492650e-01
9.293111211166141805e-01
9.284420289855072062e-01
9.283121597096188893e-01
9.286039108685766319e-01
9.291914116034718507e-01
9.289316827143512256e-01
9.311294765840220089e-01
9.311778290993072416e-01
9.308584686774943329e-01
9.319029850746268773e-01
9.320843091334893860e-01
9.311969839773798219e-01
9.313121743249643814e-01
9.304761904761904567e-01
9.300095877277084755e-01
9.288461538461539879e-01
9.292635658914728536e-01
9.293027791321306630e-01
9.288867091711624502e-01
9.280788177339901468e-01
9.266600594648166656e-01
9.282153539381853280e-01
9.268537074148295307e-01
9.271722752385737065e-01
9.282103134479272599e-01
9.312977099236640077e-01
9.293756397134084191e-01
9.308047155304972620e-01
9.314786192684182398e-01
9.336099585062240802e-01
9.349973998959958399e-01
9.347258485639685643e-01
9.334032511798636689e-01
9.324181626187961758e-01
9.326259946949602142e-01
9.336898395721925370e-01
9.350509930220074484e-01
9.359181475498115077e-01
9.362162162162162016e-01
9.351498637602180253e-01
9.341383095499451450e-01
9.351648351648351731e-01
9.366391184573003015e-01
9.351800554016619360e-01
9.364548494983276905e-01
9.372900335946250383e-01
9.370786516853933934e-01
9.383832673827020576e-01
9.378917378917379644e-01
9.404352806414663091e-01
9.389400921658986876e-01
9.375722543352601468e-01
9.378990133488103176e-01
9.403508771929824928e-01
9.402110199296599413e-01
9.406231628453850524e-01
9.386068476977568187e-01
9.383886255924169806e-01
9.397014925373133876e-01
9.399759903961584229e-01
9.389728096676737135e-01
9.396709323583181117e-01
9.406727828746177522e-01
9.395807644882860910e-01
9.400123685837972198e-01
9.405204460966543056e-01
9.395638629283489252e-01
9.393370856785491219e-01
9.396226415094340867e-01
9.425142135186355130e-01
9.430379746835443333e-01
9.420751113940166732e-01
9.435173299101412558e-01
9.452672247263361749e-01
9.476405946994183038e-01
9.480519480519480346e-01
9.497060744611365291e-01
9.486842105263157965e-01
9.484126984126983739e-01
9.486324216144096377e-01
9.490616621983914980e-01
9.467296021577883414e-01
9.477257298031228627e-01
9.478737997256515557e-01
9.462809917355371470e-01
9.460580912863070235e-01
9.469273743016759504e-01
9.464033850493653865e-01
9.467707594038325958e-01
9.451176051318601612e-01
9.468390804597701660e-01
9.471397538015929873e-01
9.497450837581937755e-01
9.493763756419661970e-01
9.489267209474462339e-01
9.484690067214338605e-01
9.478458049886622216e-01
9.457601222307104871e-01
9.470452801227935424e-01
9.468003084040093054e-01
9.462197973499609782e-01
9.467084639498433152e-01
9.471191791633779555e-01
9.467831612390786855e-01
9.471999999999999309e-01
9.468599033816424981e-01
9.472830494728305961e-01
9.485714285714285099e-01
9.471947194719472218e-01
9.486754966887417373e-01
9.480737018425460239e-01
9.484361792054099016e-01
9.478186484174507820e-01
9.482758620689655249e-01
9.477351916376307583e-01
9.471830985915492551e-01
9.485815602836880078e-01
9.492430988423864457e-01
9.514388489208632782e-01
9.501359927470536260e-01
9.498632634457611079e-01
9.504587155963304390e-01
9.478584729981378576e-01
9.464788732394364690e-01
9.481621112158341580e-01
9.497630331753553756e-01
9.491850431447748093e-01
9.488910318225650675e-01
9.474708171206225327e-01
9.480901077375122332e-01
9.475766567754697611e-01
9.484126984126983739e-01
9.457831325301204739e-01
9.464105156723963130e-01
9.440488301119023262e-01
9.465020576131688568e-01
9.495365602471679267e-01
9.491173416407061580e-01
9.476987447698744793e-01
9.460317460317460014e-01
9.475935828877006806e-01
9.490790899241603462e-01
9.494505494505495191e-01
9.487750556792873269e-01
9.493813273340832026e-01
9.488054607508531468e-01
9.494252873563219230e-01
9.487179487179487891e-01
9.481132075471698784e-01
9.461077844311376328e-01
9.480048367593711944e-01
9.460784313725489891e-01
9.454094292803969513e-01
9.459119496855344922e-01
9.446589446589447325e-01
9.434954007884363003e-01
9.497354497354497660e-01
9.491978609625667529e-01
9.500674763832658298e-01
9.489655172413792306e-01
9.513212795549373935e-01
9.518413597733712539e-01
9.493487698986976531e-01
9.487554904831625446e-01
9.525222551928783643e-01
9.535232383808094347e-01
9.555895865237366005e-01
9.563862928348908499e-01
9.572107765451663974e-01
9.569377990430621983e-01
9.576547231270358118e-01
9.589490968801313020e-01
9.566666666666666652e-01
9.576988155668358926e-01
9.550173010380622607e-01
9.542253521126761173e-01
9.551166965888689964e-01
9.536178107606677612e-01
9.527410207939509545e-01
9.560229445506691626e-01
9.555125725338491360e-01
9.548133595284873376e-01
9.539078156312624790e-01
9.529652351738242544e-01
9.539748953974894752e-01
9.550321199143468887e-01
9.538461538461538991e-01
9.528089887640449618e-01
9.515011547344111031e-01
9.548693586698336899e-01
9.542168674698795483e-01
9.500000000000000666e-01
9.484536082474227525e-01
9.498680738786280386e-01
9.516129032258064946e-01
9.526462395543175976e-01
9.507246376811593347e-01
9.486404833836857842e-01
9.529780564263322651e-01
9.548387096774194616e-01
9.600000000000000755e-01
9.550173010380623717e-01
9.537366548042705006e-01
9.516728624535315539e-01
9.538461538461538991e-01
9.596774193548388565e-01
9.623430962343096917e-01
9.599999999999998535e-01
9.626168224299064269e-01
9.599999999999999645e-01
9.687500000000000000e-01
9.666666666666666741e-01
9.707602339181286011e-01
9.681528662420382236e-01
9.664429530201342766e-01
9.650349650349649977e-01
9.629629629629630205e-01
9.599999999999999645e-01
9.557522123893804622e-01
9.504950495049504511e-01
9.555555555555557135e-01
9.500000000000000666e-01
9.428571428571428381e-01
9.354838709677418818e-01
9.199999999999999289e-01
9.090909090909089496e-01
9.189189189189189699e-01
9.333333333333333481e-01
9.565217391304348116e-01
9.473684210526316374e-01
9.090909090909090606e-01
