8.950405027753093323e-01
9.066042945781763729e-01
9.089727856781923965e-01
8.983926674296215387e-01
9.325666726790178274e-01
9.344321394709081963e-01
9.272739033928318886e-01
9.289628824159816833e-01
9.293011748072845801e-01
9.407809261434181280e-01
9.411600750773729818e-01
9.400140055723161803e-01
9.470208453974187091e-01
9.528808230730307915e-01
9.545262561676176594e-01
9.565851445125796992e-01
9.575268852574055911e-01
9.595254812313174231e-01
9.610437565218161726e-01
9.622681546355148496e-01
9.639116136738956619e-01
9.644854126515246540e-01
9.656115464533565618e-01
9.674813097816054031e-01
9.670115539775189228e-01
9.670449347525644779e-01
9.685087507327445611e-01
9.688568725050974439e-01
9.695677174823900124e-01
9.707823149236192162e-01
9.702248510223521194e-01
9.711930709888643154e-01
9.721373091845531000e-01
9.732700536148194415e-01
9.740554737914638439e-01
9.739592060751329772e-01
9.743191286213834790e-01
9.741480149379575515e-01
9.739169028555942909e-01
9.728023726811440008e-01
9.741669592628137142e-01
9.745550779366863869e-01
9.742935678528041876e-01
9.746716156029880951e-01
9.746441819288566011e-01
9.750650371218794188e-01
9.752143570386492266e-01
9.754937102752516687e-01
9.755978970741900902e-01
9.742418808606116976e-01
9.745874427212513069e-01
9.747860969228852035e-01
9.743173364661479319e-01
9.743167758953689139e-01
9.743582202968156247e-01
9.748956279510029299e-01
9.747401806603235297e-01
9.752767136708386797e-01
9.755776598512907460e-01
9.761077015610293284e-01
9.760402179804456013e-01
9.766973979659226979e-01
9.765744142274832562e-01
9.759112244141416870e-01
9.757122504823879661e-01
9.760851143960079801e-01
9.763673995102760683e-01
9.764677961150868279e-01
9.773582757068995930e-01
9.771168096727473884e-01
9.770200845591282546e-01
9.775137817309016430e-01
9.779002634353337609e-01
9.779590872183913097e-01
9.783495710915064425e-01
9.792207274355718694e-01
9.797668705218600671e-01
9.801355688226646157e-01
9.804297035372941949e-01
9.813236130585334394e-01
9.812456315161363074e-01
9.815655471979314317e-01
9.815866133405117822e-01
9.820743592586247406e-01
9.819291626095423275e-01
9.822143174744331073e-01
9.823720299697680236e-01
9.824200074773281610e-01
9.824436530255123978e-01
9.823211460860938882e-01
9.826533120755094330e-01
9.827769440237947851e-01
9.826614832535884858e-01
9.825210746060190070e-01
9.821924496679155236e-01
9.820293012363159324e-01
9.816807017543859315e-01
9.818837268342219815e-01
9.817977044680382681e-01
9.819222796281456001e-01
9.822010532342291267e-01
9.827501842299189994e-01
9.826930724350642077e-01
9.825804488440592621e-01
9.827147844565876644e-01
9.827940485775631396e-01
9.825979950608386693e-01
9.824935320873182665e-01
9.826072398172827072e-01
9.828888888888889230e-01
9.831542874559215939e-01
9.833466150549162732e-01
9.833917229534779869e-01
9.835541219344036135e-01
9.835551422726426241e-01
9.834566976326042376e-01
9.832983244000192968e-01
9.834368110491505943e-01
9.833402976226008896e-01
9.834014725469883977e-01
9.834453967230321059e-01
9.834760808241524987e-01
9.831412381435985504e-01
9.832398954596016649e-01
9.831999173076388931e-01
9.833945992596563324e-01
9.835992627399838817e-01
9.836435770402227607e-01
9.835408469144025778e-01
9.836321764357294217e-01
9.836830966304649371e-01
9.834639280311362475e-01
9.832782953664646053e-01
9.835636945287508093e-01
9.836909013998330620e-01
9.836430977365684392e-01
9.835855870661465161e-01
9.835605594366170212e-01
9.836430733978616114e-01
9.837490883089450300e-01
9.842440036758982602e-01
9.841053906723198352e-01
9.841256178610606753e-01
9.839580483861142257e-01
9.839920723116305501e-01
9.841884436510958123e-01
9.845039818913874363e-01
9.845110490220979615e-01
9.844220767790562432e-01
9.842166731191120954e-01
9.842966094804456167e-01
9.841280561491487777e-01
9.841687468268741634e-01
9.841614815762674828e-01
9.846946763653467993e-01
9.845812083010400118e-01
9.846240446386362866e-01
9.847734023265939385e-01
9.847538677918425964e-01
9.846340375190604233e-01
9.847158302750866898e-01
9.846089079853888038e-01
9.847242813961775143e-01
9.849047609733339037e-01
9.849701631800416024e-01
9.847943493231450240e-01
9.849278917633066399e-01
9.847490861374075255e-01
9.846970728386658100e-01
9.844820009521367821e-01
9.847934583934584429e-01
9.848435793097505275e-01
9.850138182137216925e-01
9.851244881652665430e-01
9.854455960367360934e-01
9.853321252928908258e-01
9.858378008848227569e-01
9.858018784450721661e-01
9.856543280106894178e-01
9.855090480842958467e-01
9.855096260070594916e-01
9.853093659697432782e-01
9.856181510154189418e-01
9.860463626162010442e-01
9.862529289765252782e-01
9.861448456514276817e-01
9.859496124031006392e-01
9.858737403163504442e-01
9.859976397966593309e-01
9.858861267040898158e-01
9.857305450171185424e-01
9.857220937565692731e-01
9.862576997355508857e-01
9.862613179074447567e-01
9.865283099825964408e-01
9.866360817049854015e-01
9.870304079381715390e-01
9.869037048195158368e-01
9.870240872573834423e-01
9.869667755380133745e-01
9.871042646091762185e-01
9.870526024774496365e-01
9.869840604770079295e-01
9.867700576203795038e-01
9.873436170212765983e-01
9.872575927138328433e-01
9.873407270526913804e-01
9.874000878348703214e-01
9.875019970177867368e-01
9.874319647068318107e-01
9.873337139335943702e-01
9.875556064466263217e-01
9.875694444444443887e-01
9.875364956673092776e-01
9.874221869028021459e-01
9.875245235467893234e-01
9.878163912390194312e-01
9.878332534926237418e-01
9.878876830931626607e-01
9.879237372828846286e-01
9.880804826431661692e-01
9.879027673266125298e-01
9.882700258397932869e-01
9.881372364556220145e-01
9.879071267333118245e-01
9.879762439567022492e-01
9.878908553774232715e-01
9.879178391162011241e-01
9.880072012186676966e-01
9.880083624787014962e-01
9.879919350722270455e-01
9.881621233859397835e-01
9.880393056467021706e-01
9.880941184768935459e-01
9.882377264364088365e-01
9.883591191417279154e-01
9.884805165704042551e-01
9.885493827160494185e-01
9.886308058908551688e-01
9.886134916515817439e-01
9.889720551685678984e-01
9.890342086600053539e-01
9.893521197138649415e-01
9.896023415959614988e-01
9.899121423668093556e-01
9.898363182455858222e-01
9.897314881983964030e-01
9.896266979637592387e-01
9.896319815679671672e-01
9.901427153206815435e-01
9.901568871657860926e-01
9.900892962919085605e-01
9.900825484754146588e-01
9.900099120849433776e-01
9.899668971264544703e-01
9.898534650211557873e-01
9.897262244122682073e-01
9.897285562233280043e-01
9.896098648119122654e-01
9.905075608261423303e-01
9.903715886248637412e-01
9.903026427962489109e-01
9.903281968099486576e-01
9.901440202300020310e-01
9.900668449197862486e-01
9.904555981761598016e-01
9.905269417358701922e-01
9.904416427319182592e-01
9.902991222339005972e-01
9.902178329218365160e-01
9.900964715017177564e-01
9.900118062583089795e-01
9.899388976377953009e-01
9.901435962817035641e-01
9.900831434250095819e-01
9.899764415971064047e-01
9.900106424148606976e-01
9.899428702572887762e-01
9.897717676341171167e-01
9.895561726494325194e-01
9.896545284780579044e-01
9.895174888731081975e-01
9.897789299687242970e-01
9.899425287356321546e-01
9.901285109657560479e-01
9.903532847081234491e-01
9.906210635414175458e-01
9.904225754506259527e-01
9.903006981910505990e-01
9.901621461470090368e-01
9.900135804332022005e-01
9.903327463804573183e-01
9.902668603326498786e-01
9.903165181551678575e-01
9.905026424696088405e-01
9.902906764099257408e-01
9.903220224935114224e-01
9.900980392156863985e-01
9.898413993982460024e-01
9.897364295512444121e-01
9.895265710143479332e-01
9.892855927589491172e-01
9.896656534954407780e-01
9.896665350960834884e-01
9.896117899162328868e-01
9.894305555555554799e-01
9.892371377882909211e-01
9.893939613771890462e-01
9.896263918830718875e-01
9.899357525944123548e-01
9.897586219375382743e-01
9.898178317535544224e-01
9.896227487535931289e-01
9.895154497495234347e-01
9.897875816993464415e-01
9.895630546080044221e-01
9.896190476190477314e-01
9.899575361187037403e-01
9.898110446024805942e-01
9.895256055008209151e-01
9.895657894736842319e-01
9.892637105318207169e-01
9.893968460638128404e-01
9.899010731887716297e-01
9.898082191780821493e-01
9.898565196825562795e-01
9.896057596592355843e-01
9.894126984126984103e-01
9.894604501555215315e-01
9.892374647129991150e-01
9.888663967611335259e-01
9.897078086989066215e-01
9.895032647326225117e-01
9.893775147928993707e-01
9.892674733151690658e-01
9.895888975116154951e-01
9.893859457434521776e-01
9.894220846233230393e-01
9.893665485172058460e-01
9.891290608014157160e-01
9.888341894977168423e-01
9.885378705801241006e-01
9.887371012385361979e-01
9.885223140495869032e-01
9.883650732671094286e-01
9.882778561153127139e-01
9.884460618971537826e-01
9.880968858131488064e-01
9.876958031328502141e-01
9.873217379714780417e-01
9.870310248441812595e-01
9.872700275242648482e-01
9.870888468809073668e-01
9.867059102402023774e-01
9.864253393665158853e-01
9.860669392700287528e-01
9.867546664852238081e-01
9.863173424709689163e-01
9.855467480183042195e-01
9.848720039990528363e-01
9.848161591532513803e-01
9.850397381954183462e-01
9.852142239782689659e-01
9.844490182626024488e-01
9.840978381374722028e-01
9.843979982337356383e-01
9.859176967610703279e-01
9.867856100712827372e-01
9.866007834757835049e-01
9.857619047619046171e-01
9.852790840318953469e-01
9.857692307692308420e-01
9.867765654648956719e-01
9.888525850470882839e-01
9.885129490392647877e-01
9.875531268973892773e-01
9.873533571844579360e-01
9.904205820636802216e-01
9.900191551567698589e-01
9.898255813953488191e-01
9.898483519237999406e-01
9.893333333333333979e-01
9.884785353535354702e-01
9.879842180774749405e-01
9.866007008864151606e-01
9.863013698630137549e-01
9.860755896561522738e-01
9.904891304347827052e-01
9.896651508887971405e-01
9.876543209876543772e-01
9.850260416666666297e-01
9.798951048951050069e-01
9.788484136310222627e-01
9.762308998302207108e-01
9.786666666666666847e-01
9.904306220095694391e-01
9.898989898989898339e-01
9.600000000000000755e-01
