4.997487437185929582e-01
4.997481108312342712e-01
4.997474747474747736e-01
5.000000000000000000e-01
8.553299492385786351e-01
5.027989821882952182e-01
8.318877551020408267e-01
5.286445012787723829e-01
8.515384615384615774e-01
8.568123393316194880e-01
6.865979381443299001e-01
6.855297157622739501e-01
7.606217616580310814e-01
7.789610389610389651e-01
8.609375000000000222e-01
8.543080939947780283e-01
8.712041884816753567e-01
8.582677165354331006e-01
8.697368421052631415e-01
8.807387862796833833e-01
9.021164021164020941e-01
8.899204244031829747e-01
8.922872340425531679e-01
9.040000000000000258e-01
9.034759358288769748e-01
8.989276139410187216e-01
9.016129032258064502e-01
9.067385444743935041e-01
9.064864864864864424e-01
9.070460704607046232e-01
9.016304347826087362e-01
9.021798365122616348e-01
9.073770491803279103e-01
9.131506849315068619e-01
9.153846153846153522e-01
9.146005509641873532e-01
9.096685082872928430e-01
9.077562326869805798e-01
9.050000000000000266e-01
8.969359331476323138e-01
9.083798882681564102e-01
9.114845938375349954e-01
9.103932584269662787e-01
9.087323943661972381e-01
9.079096045197739828e-01
9.113314447592067991e-01
9.122159090909091050e-01
9.131054131054131551e-01
9.148571428571428132e-01
9.117478510028653726e-01
9.135057471264367290e-01
9.132564841498559405e-01
9.109826589595375612e-01
9.127536231884058049e-01
9.116279069767442289e-01
9.119533527696792596e-01
9.108187134502924165e-01
9.111436950146627467e-01
9.147058823529411464e-01
9.150442477876106206e-01
9.127218934911243142e-01
9.172106824925816415e-01
9.187499999999999556e-01
9.161194029850746601e-01
9.152694610778443485e-01
9.141141141141141402e-01
9.159638554216867901e-01
9.172205438066465266e-01
9.190909090909090695e-01
9.173252279635258910e-01
9.143292682926829062e-01
9.174311926605505096e-01
9.165644171779141480e-01
9.150769230769231211e-01
9.169753086419752952e-01
9.191950464396284604e-01
9.208074534161491131e-01
9.230529595015576350e-01
9.218750000000000000e-01
9.266457680250783646e-01
9.267295597484276337e-01
9.261829652996845796e-01
9.256329113924051111e-01
9.311111111111111116e-01
9.286624203821656209e-01
9.306709265175718837e-01
9.291666666666666963e-01
9.282958199356913243e-01
9.303225806451612678e-01
9.284789644012945153e-01
9.298701298701298468e-01
9.302931596091205124e-01
9.290849673202614678e-01
9.301639344262294662e-01
9.282894736842105532e-01
9.264026402640264113e-01
9.258278145695364447e-01
9.262458471760797174e-01
9.243333333333333401e-01
9.267558528428093689e-01
9.268456375838926009e-01
9.265993265993266448e-01
9.266891891891891886e-01
9.261016949152542921e-01
9.258503401360543839e-01
9.283276450511945832e-01
9.287671232876711924e-01
9.281786941580756345e-01
9.289655172413793238e-01
9.290657439446367016e-01
9.302083333333333037e-01
9.306620209059233151e-01
9.283216783216783341e-01
9.294736842105263408e-01
9.285211267605634200e-01
9.296819787985866057e-01
9.283687943262410869e-01
9.288256227758007189e-01
9.289285714285714368e-01
9.283154121863799180e-01
9.280575539568345356e-01
9.281588447653429386e-01
9.260869565217391131e-01
9.276363636363635923e-01
9.277372262773723177e-01
9.274725274725275082e-01
9.257352941176471006e-01
9.276752767527675081e-01
9.266666666666666385e-01
9.286245353159851001e-01
9.291044776119402604e-01
9.280898876404494180e-01
9.266917293233082331e-01
9.271698113207547109e-01
9.284090909090909616e-01
9.281368821292775850e-01
9.270992366412214025e-01
9.279693486590038232e-01
9.276923076923077049e-01
9.270270270270269952e-01
9.313953488372093137e-01
9.299610894941634509e-01
9.304687499999999556e-01
9.278431372549019729e-01
9.295275590551180800e-01
9.292490118577074742e-01
9.305555555555555802e-01
9.298804780876493981e-01
9.292000000000000259e-01
9.293172690763051857e-01
9.302419354838710186e-01
9.271255060728744724e-01
9.284552845528455389e-01
9.297959183673469852e-01
9.307377049180327599e-01
9.292181069958848072e-01
9.301652892561983466e-01
9.302904564315352953e-01
9.308333333333332904e-01
9.301255230125522466e-01
9.298319327731092709e-01
9.299578059071730296e-01
9.305084745762711718e-01
9.314893617021277050e-01
9.307692307692307931e-01
9.313304721030042366e-01
9.318965517241378782e-01
9.320346320346319935e-01
9.313043478260869534e-01
9.310043668122270910e-01
9.311403508771929349e-01
9.317180616740088350e-01
9.314159292035397719e-01
9.333333333333333481e-01
9.334821428571428159e-01
9.331838565022421150e-01
9.342342342342342398e-01
9.343891402714932237e-01
9.336363636363635976e-01
9.337899543378995748e-01
9.330275229357798406e-01
9.327188940092165925e-01
9.314814814814814659e-01
9.320930232558140016e-01
9.322429906542055722e-01
9.319248826291079979e-01
9.311320754716980730e-01
9.298578199052133231e-01
9.314285714285713835e-01
9.301435406698564945e-01
9.302884615384615641e-01
9.314009661835749299e-01
9.344660194174757573e-01
9.326829268292683439e-01
9.338235294117647189e-01
9.344827586206896353e-01
9.366336633663366884e-01
9.378109452736318463e-01
9.375000000000000000e-01
9.361809045226130443e-01
9.353535353535353813e-01
9.355329949238578857e-01
9.367346938775510390e-01
9.379487179487179249e-01
9.386597938144329856e-01
9.388601036269430544e-01
9.380208333333333037e-01
9.371727748691099924e-01
9.378947368421052255e-01
9.391534391534391846e-01
9.377659574468084624e-01
9.390374331550802589e-01
9.397849462365591711e-01
9.394594594594594117e-01
9.407608695652174280e-01
9.404371584699453557e-01
9.428571428571428381e-01
9.414364640883977620e-01
9.399999999999999467e-01
9.402234636871508178e-01
9.426966292134831837e-01
9.423728813559322237e-01
9.426136363636363757e-01
9.405714285714286138e-01
9.402298850574712930e-01
9.416184971098265910e-01
9.418604651162790775e-01
9.409356725146198475e-01
9.417647058823529482e-01
9.426035502958579615e-01
9.416666666666666519e-01
9.419161676646706782e-01
9.421686746987951722e-01
9.412121212121211666e-01
9.408536585365853133e-01
9.411042944785276143e-01
9.438271604938271997e-01
9.440993788819875832e-01
9.431249999999999911e-01
9.446540880503144777e-01
9.462025316455696666e-01
9.484076433121019223e-01
9.487179487179486781e-01
9.503225806451612856e-01
9.493506493506493893e-01
9.490196078431372140e-01
9.493421052631578760e-01
9.496688741721854843e-01
9.473333333333333606e-01
9.483221476510067527e-01
9.486486486486486180e-01
9.469387755102041115e-01
9.465753424657534776e-01
9.475862068965517082e-01
9.472222222222221877e-01
9.475524475524476076e-01
9.457746478873239049e-01
9.475177304964539360e-01
9.478571428571428426e-01
9.503597122302158695e-01
9.499999999999999556e-01
9.496350364963503932e-01
9.492647058823528994e-01
9.488888888888888928e-01
9.470149253731343642e-01
9.481203007518796966e-01
9.477272727272727515e-01
9.473282442748091059e-01
9.476923076923077227e-01
9.480620155038759211e-01
9.476562499999999778e-01
9.480314960629920851e-01
9.476190476190475831e-01
9.479999999999999538e-01
9.491935483870967971e-01
9.479674796747967758e-01
9.491803278688524248e-01
9.487603305785123897e-01
9.491666666666667140e-01
9.487394957983192878e-01
9.491525423728813804e-01
9.487179487179486781e-01
9.482758620689655249e-01
9.495652173913043947e-01
9.499999999999999556e-01
9.522123893805309880e-01
9.508928571428570953e-01
9.504504504504504014e-01
9.509090909090909260e-01
9.486238532110091715e-01
9.472222222222221877e-01
9.485981308411215451e-01
9.499999999999999556e-01
9.495238095238095477e-01
9.490384615384614975e-01
9.475728155339805392e-01
9.480392156862744724e-01
9.475247524752474781e-01
9.479999999999999538e-01
9.454545454545454364e-01
9.459183673469387932e-01
9.432989690721649279e-01
9.458333333333333037e-01
9.484210526315789425e-01
9.478723404255319229e-01
9.462365591397849940e-01
9.445652173913043903e-01
9.461538461538461231e-01
9.477777777777778301e-01
9.483146067415730851e-01
9.477272727272727515e-01
9.482758620689655249e-01
9.476744186046511809e-01
9.482352941176470651e-01
9.476190476190475831e-01
9.469879518072289448e-01
9.451219512195121464e-01
9.469135802469136332e-01
9.449999999999999512e-01
9.443037974683544666e-01
9.448717948717948456e-01
9.441558441558441928e-01
9.434210526315789380e-01
9.493333333333333623e-01
9.486486486486486180e-01
9.493150684931507266e-01
9.486111111111110716e-01
9.507042253521126307e-01
9.514285714285714013e-01
9.492753623188405765e-01
9.485294117647058432e-01
9.522388059701492047e-01
9.530303030303030054e-01
9.553846153846153877e-01
9.562500000000000444e-01
9.571428571428571841e-01
9.564516129032257785e-01
9.573770491803278437e-01
9.583333333333333703e-01
9.559322033898305371e-01
9.568965517241379004e-01
9.543859649122806710e-01
9.535714285714286254e-01
9.545454545454545858e-01
9.537037037037037202e-01
9.528301886792452935e-01
9.557692307692308153e-01
9.549019607843137747e-01
9.539999999999999591e-01
9.530612244897959107e-01
9.520833333333332815e-01
9.531914893617021711e-01
9.543478260869565633e-01
9.533333333333333659e-01
9.522727272727272707e-01
9.511627906976743985e-01
9.547619047619048116e-01
9.536585365853658125e-01
9.499999999999999556e-01
9.487179487179486781e-01
9.499999999999999556e-01
9.513513513513514042e-01
9.527777777777777235e-01
9.514285714285714013e-01
9.499999999999999556e-01
9.545454545454545858e-01
9.562500000000000444e-01
9.612903225806451735e-01
9.566666666666666652e-01
9.551724137931034697e-01
9.535714285714286254e-01
9.555555555555556024e-01
9.615384615384615641e-01
9.639999999999999680e-01
9.625000000000000222e-01
9.652173913043478048e-01
9.636363636363636243e-01
9.714285714285714191e-01
9.699999999999999734e-01
9.736842105263158187e-01
9.722222222222222099e-01
9.705882352941176405e-01
9.687500000000000000e-01
9.666666666666666741e-01
9.642857142857143016e-01
9.615384615384615641e-01
9.583333333333333703e-01
9.636363636363636243e-01
9.599999999999999645e-01
9.555555555555556024e-01
9.499999999999999556e-01
9.428571428571428381e-01
9.333333333333333481e-01
9.399999999999999467e-01
9.499999999999999556e-01
9.666666666666666741e-01
9.499999999999999556e-01
9.000000000000000222e-01
