1.652867121862072963e+00
2.566365512600896182e+00
3.305580715878022602e+00
4.072249606346304063e+00
4.903861203983979067e+00
5.855629511217557592e+00
6.644404701117309742e+00
7.517738239723257720e+00
8.431640335998963565e+00
9.786234496466931887e+00
1.126278536293830257e+01
1.138849003009818261e+01
1.216001450602925615e+01
1.318571823235106422e+01
1.414317091882912791e+01
1.501187381807176280e+01
1.604148844178780564e+01
1.708299014085787348e+01
1.809695989202737110e+01
1.928500841195636895e+01
2.014119173532526474e+01
2.144447081645193975e+01
2.262154316441956325e+01
2.362734643152725766e+01
2.489025795244015171e+01
2.579519641728620627e+01
2.712068058595468756e+01
2.799498618249344872e+01
2.910594789974493324e+01
3.026879903589724563e+01
3.150591745076962980e+01
3.275084953501209384e+01
3.388793236905985395e+01
3.550988308790329029e+01
3.783713646187970880e+01
3.961972050233816844e+01
3.977671192103298381e+01
4.016062348556806683e+01
4.151647537695680512e+01
4.283917038511935971e+01
4.418298894343024585e+01
4.544001936418135301e+01
4.680514023207797436e+01
4.808901279455676558e+01
4.931942430906201480e+01
5.056064606571089826e+01
5.230118058210427989e+01
5.343582407675785362e+01
5.505146219237940386e+01
5.644907194768165937e+01
5.789518452849733876e+01
5.921218917025544215e+01
6.088358783033254440e+01
6.237045970257531735e+01
6.399106801497691777e+01
6.511527546488287044e+01
6.662610153023342718e+01
6.831960477912070928e+01
6.946156158775920630e+01
7.089157683790836018e+01
7.236394310831019538e+01
7.448649596422546892e+01
7.571637462163198506e+01
7.688526979418747942e+01
7.842424619537268882e+01
7.977707884831033880e+01
8.139585509023891063e+01
8.284177223309961846e+01
8.446179038274203776e+01
8.619199191904772306e+01
8.808675007633792120e+01
8.962204950695740990e+01
9.123142462723626522e+01
9.308114181952987565e+01
9.478848609568012762e+01
9.616685996634987532e+01
9.802431641618750291e+01
9.967721603976679035e+01
1.008745694591634674e+02
1.030498328299836430e+02
1.042317231298438855e+02
1.064378733955491043e+02
1.081403308674780419e+02
1.106104130369531049e+02
1.117114343606444891e+02
1.154395989801305404e+02
1.161815400510968175e+02
1.174557660184291308e+02
1.185888327521497558e+02
1.213865672969441221e+02
1.230616527636302635e+02
1.237264433114469284e+02
1.270783274274290306e+02
1.285120970535499509e+02
1.307129448351770407e+02
1.365302702175649756e+02
1.349216225370328175e+02
1.352709561235351430e+02
1.369024888617459510e+02
1.427330313239581301e+02
1.416644796432337898e+02
1.439517550499513163e+02
1.462826139762510138e+02
1.486724002261435089e+02
1.493991095384844812e+02
1.524747953460937424e+02
1.546418665736091498e+02
1.554645025654972414e+02
1.575745341349283990e+02
1.586189755287741718e+02
1.619626234530660440e+02
1.629296547376834496e+02
1.661880314137633832e+02
1.684998511763478746e+02
1.693959051257770625e+02
1.721549224278060137e+02
1.759917753549743793e+02
1.767192399045816273e+02
1.809176102855999488e+02
1.818325567133579170e+02
1.852965751743322471e+02
1.840295500479405746e+02
1.882422677987487987e+02
1.890614235409957473e+02
1.936165148066647816e+02
1.958655981299598352e+02
1.979116102975676768e+02
2.003805690195367788e+02
2.026513412517742836e+02
2.052693917645738111e+02
2.080058229391943314e+02
2.093250984246042208e+02
2.125689622287318343e+02
2.138573020666808588e+02
2.160120538604824105e+02
2.188235759757590131e+02
2.215174102289747680e+02
2.240838843657329562e+02
2.287499048469471745e+02
2.291941939103780896e+02
2.282242113843240077e+02
2.306475958565497422e+02
2.331514036892840522e+02
2.383261624281876720e+02
2.408840625264565460e+02
2.398400838544330327e+02
2.419923120609601028e+02
2.446134545134191285e+02
2.466258214167464757e+02
2.491329658073373139e+02
2.522049382937839255e+02
2.540317952323384816e+02
2.567058453482750338e+02
2.571208888535402366e+02
2.620016682789282640e+02
2.621059423402402899e+02
2.674870506316874526e+02
2.696923541421274422e+02
2.703931360650240094e+02
2.713530695733425091e+02
2.740273296674859012e+02
2.792598277066863375e+02
2.808320238562591840e+02
2.862658225628620130e+02
2.876186834409745643e+02
2.896035325089906109e+02
2.888772876290749991e+02
2.889830820009738090e+02
2.974757246386143379e+02
2.994714972771253088e+02
2.994391003353666747e+02
3.021275675287324702e+02
3.016572112329304218e+02
3.075261732906001271e+02
3.070776825249413378e+02
3.133088907591663883e+02
3.159300434753240552e+02
3.212538914391334401e+02
3.169170872645481722e+02
3.171868297055407311e+02
3.266439377027636510e+02
3.287737910430441843e+02
3.278966676331619965e+02
3.345744148194135050e+02
3.376428604418979376e+02
3.364633906646486139e+02
3.394348122469891678e+02
3.370797070397820789e+02
3.449347917195918853e+02
3.511381057828257326e+02
3.462398404336781823e+02
3.607287445185429533e+02
3.556632783626628225e+02
3.671713926729134982e+02
3.614649772616321570e+02
3.652939215801961836e+02
3.673899201056483435e+02
3.750688501833355986e+02
3.729994461878450238e+02
3.705829345458187163e+02
3.697730289633182110e+02
3.810586172743205680e+02
3.790646010114869568e+02
3.821284908340894617e+02
3.946629721622739453e+02
3.873157550362666370e+02
3.898654142386512831e+02
3.878534690023370786e+02
3.855968213320738869e+02
4.000070233644510154e+02
3.965834952004370280e+02
4.037113954441156238e+02
4.026551401037868345e+02
4.004468614032666665e+02
4.069364860854257131e+02
4.105925011696381262e+02
4.188712624094478087e+02
4.112207717618148308e+02
4.143254679178207880e+02
4.163785064434632659e+02
4.183624108234216692e+02
4.221086301467148587e+02
4.240142712473607389e+02
4.330842076722910861e+02
4.287268530041328631e+02
4.380751965712406673e+02
4.411154837324720575e+02
4.392670721683534794e+02
4.404836550575564615e+02
4.496105815326882293e+02
4.462582039037952200e+02
4.495834207886073273e+02
4.512686626142094610e+02
4.544626923053874634e+02
4.578456484905182151e+02
4.615825201489351457e+02
4.636495327022857964e+02
4.662474620863213204e+02
4.776254040262865601e+02
4.714931759223836707e+02
4.840630251058755675e+02
4.802102300864935387e+02
4.842254212179686874e+02
4.862342420129134553e+02
4.888573550957953557e+02
4.917670482197136153e+02
4.944780771642108448e+02
4.959590388558135601e+02
5.007147803268744610e+02
5.035437212242250098e+02
5.077013566901005106e+02
5.092666885625512805e+02
5.120766929331730353e+02
5.151691000189020997e+02
5.192555054059776012e+02
5.205355568784289062e+02
5.239228109879768454e+02
5.275334417008998571e+02
5.291256366701563820e+02
5.354345778925053310e+02
5.369613015740178525e+02
5.397974676885933150e+02
5.424921367227507289e+02
5.460419126747292466e+02
5.478977393345267046e+02
5.512583287788147572e+02
5.537306882067496190e+02
5.579871562622720376e+02
5.611573266995692393e+02
5.658780441493145190e+02
5.714788696073956089e+02
5.714048550722800428e+02
5.721932175758993253e+02
5.785340100533067016e+02
5.833447546932875412e+02
5.857963074628205504e+02
5.863957156749820570e+02
5.896206314057199052e+02
5.937358948962937575e+02
5.957524806080182316e+02
6.013760568403668003e+02
6.031931444470392307e+02
6.194310771154559916e+02
6.099722867267264519e+02
6.130928899072750937e+02
6.161998171350714983e+02
6.197407919641991612e+02
6.230740393390587997e+02
6.247331532053940464e+02
6.290253637412533863e+02
6.342173526667174883e+02
6.368782002430816647e+02
6.384559909645322477e+02
6.433625224411516683e+02
6.445026356326561654e+02
6.474434914883895544e+02
6.488225273677380756e+02
6.517041621014504926e+02
6.574011828059010440e+02
6.614100720255228225e+02
6.624793160783301573e+02
6.649929672271537129e+02
6.714478852073516464e+02
6.735990049342799466e+02
6.751865615663700737e+02
6.780679704986978322e+02
6.813608592940727249e+02
6.872928580042789690e+02
6.943791316738643218e+02
6.943551642234961037e+02
7.016744739212153945e+02
6.998861208259768318e+02
7.037856340700236615e+02
7.067952199382707477e+02
7.073281091099779587e+02
7.123932138980890159e+02
7.156722706469299737e+02
7.204320641412923578e+02
7.207728801396442577e+02
7.310416064743476454e+02
7.301602638284093700e+02
7.314307854553335346e+02
7.367617461633053608e+02
7.399788101634767372e+02
7.432889774703071453e+02
7.461917254904983565e+02
7.483942808952415362e+02
7.539202818412159104e+02
7.557534163153613918e+02
7.601181659794237930e+02
7.650415145286824554e+02
7.694692734754353296e+02
7.722365637473994866e+02
7.762234984848182648e+02
7.800324645111104473e+02
7.844883772149332799e+02
7.867843686413252726e+02
7.881123071172914933e+02
7.913737338228966109e+02
7.949217149103351403e+02
7.978455112135270610e+02
8.049128102951799519e+02
8.055292122011596803e+02
8.103423718042613473e+02
8.151382079921895638e+02
8.159831444385054056e+02
8.204126610438688658e+02
8.268443856277153827e+02
8.286307257548032794e+02
8.341781957954517566e+02
8.339624523914244492e+02
8.391650826356199104e+02
8.433100398659298662e+02
8.471991812133055646e+02
8.490710414833156392e+02
8.534639380619919393e+02
8.598187665769364685e+02
8.630326719233707990e+02
8.665658095621620305e+02
8.705214934709947556e+02
8.746326827002631035e+02
8.795605271778476890e+02
8.824404743882187176e+02
8.870904304681462236e+02
8.895768024126591627e+02
8.941732037883484736e+02
9.068114639543055091e+02
9.262279405286826659e+02
9.063297046876978129e+02
9.091142892943462357e+02
9.121324949600966647e+02
9.183728639743349049e+02
9.218521188981248997e+02
9.224752512254344765e+02
9.271794009249133524e+02
9.316808156049228273e+02
9.319681513108953368e+02
9.372671251974534243e+02
9.427702175647718832e+02
9.460291206831461750e+02
9.485751944329822436e+02
9.522775022259447724e+02
9.586695836957660504e+02
9.636196448075643275e+02
9.652773478427843656e+02
9.731699065746797714e+02
9.774855709482508246e+02
9.812887110417941585e+02
9.899802235605020542e+02
9.917954350483196322e+02
9.920264991630683653e+02
9.949126520631543826e+02
1.001949865673843306e+03
1.005932485808298225e+03
1.007801355920324568e+03
1.015069945833325619e+03
1.015010496771632461e+03
1.020506288226926699e+03
