4.997487437185929582e-01
5.010050251256281673e-01
5.022613065326633208e-01
5.037688442211055717e-01
8.567839195979899403e-01
5.087939698492461860e-01
8.341708542713567320e-01
5.366834170854271058e-01
8.540201005025125358e-01
8.595477386934673447e-01
6.937185929648240768e-01
6.934673366834170904e-01
7.665829145728643157e-01
7.846733668341708823e-01
8.640703517587939864e-01
8.580402010050250938e-01
8.743718592964824232e-01
8.623115577889447492e-01
8.736180904522613533e-01
8.841708542713567764e-01
9.045226130653266639e-01
8.929648241206029624e-01
8.952261306532662832e-01
9.065326633165828873e-01
9.062814070351759010e-01
9.020100502512562457e-01
9.047738693467336502e-01
9.097989949748743754e-01
9.097989949748743754e-01
9.105527638190954454e-01
9.055276381909547201e-01
9.062814070351759010e-01
9.113065326633166263e-01
9.168341708542713242e-01
9.190954773869346450e-01
9.185929648241205614e-01
9.140703517587939197e-01
9.123115577889446826e-01
9.100502512562813617e-01
9.022613065326633430e-01
9.128140703517587662e-01
9.150753768844220870e-01
9.143216080402010171e-01
9.130653266331658635e-01
9.125628140703517799e-01
9.158291457286432680e-01
9.165829145728643379e-01
9.175879396984925052e-01
9.193467336683417424e-01
9.168341708542713242e-01
9.183417085427135751e-01
9.183417085427135751e-01
9.165829145728643379e-01
9.180904522613064778e-01
9.173366834170854078e-01
9.178391959798994915e-01
9.168341708542713242e-01
9.173366834170854078e-01
9.206030150753768959e-01
9.211055276381909795e-01
9.193467336683417424e-01
9.228643216080402167e-01
9.243718592964823566e-01
9.221105527638191468e-01
9.216080402010050632e-01
9.208542713567838822e-01
9.221105527638191468e-01
9.233668341708543004e-01
9.251256281407035376e-01
9.236180904522612867e-01
9.211055276381909795e-01
9.238693467336683840e-01
9.233668341708543004e-01
9.221105527638191468e-01
9.238693467336683840e-01
9.256281407035176212e-01
9.271356783919597611e-01
9.288944723618089983e-01
9.281407035175879283e-01
9.321608040201004863e-01
9.324120603015075837e-01
9.319095477386935000e-01
9.316582914572864027e-01
9.361809045226130443e-01
9.344221105527638072e-01
9.359296482412060580e-01
9.344221105527638072e-01
9.339195979899497235e-01
9.351758793969848771e-01
9.339195979899497235e-01
9.349246231155778908e-01
9.354271356783919744e-01
9.344221105527638072e-01
9.351758793969848771e-01
9.339195979899497235e-01
9.326633165829145700e-01
9.324120603015075837e-01
9.329145728643215563e-01
9.316582914572864027e-01
9.336683417085427372e-01
9.339195979899497235e-01
9.336683417085427372e-01
9.339195979899497235e-01
9.336683417085427372e-01
9.336683417085427372e-01
9.356783919597989607e-01
9.361809045226130443e-01
9.359296482412060580e-01
9.366834170854271280e-01
9.369346733668342253e-01
9.379396984924622815e-01
9.384422110552763652e-01
9.366834170854271280e-01
9.374371859296481979e-01
9.366834170854271280e-01
9.376884422110552952e-01
9.369346733668342253e-01
9.374371859296481979e-01
9.376884422110552952e-01
9.374371859296481979e-01
9.374371859296481979e-01
9.376884422110552952e-01
9.364321608040201417e-01
9.374371859296481979e-01
9.374371859296481979e-01
9.374371859296481979e-01
9.361809045226130443e-01
9.376884422110552952e-01
9.371859296482412116e-01
9.386934673366834625e-01
9.391959798994974351e-01
9.384422110552763652e-01
9.376884422110552952e-01
9.379396984924622815e-01
9.389447236180904488e-01
9.389447236180904488e-01
9.381909547738693789e-01
9.389447236180904488e-01
9.389447236180904488e-01
9.384422110552763652e-01
9.412060301507537696e-01
9.402010050251256024e-01
9.407035175879396860e-01
9.391959798994974351e-01
9.404522613065326997e-01
9.404522613065326997e-01
9.414572864321607559e-01
9.409547738693467833e-01
9.402010050251256024e-01
9.404522613065326997e-01
9.412060301507537696e-01
9.394472361809045324e-01
9.402010050251256024e-01
9.412060301507537696e-01
9.417085427135678533e-01
9.409547738693467833e-01
9.412060301507537696e-01
9.412060301507537696e-01
9.417085427135678533e-01
9.414572864321607559e-01
9.412060301507537696e-01
9.412060301507537696e-01
9.417085427135678533e-01
9.422110552763819369e-01
9.419597989949748396e-01
9.424623115577889232e-01
9.424623115577889232e-01
9.424623115577889232e-01
9.419597989949748396e-01
9.419597989949748396e-01
9.422110552763819369e-01
9.424623115577889232e-01
9.424623115577889232e-01
9.437185929648240768e-01
9.437185929648240768e-01
9.432160804020101041e-01
9.439698492462311741e-01
9.442211055276381604e-01
9.439698492462311741e-01
9.439698492462311741e-01
9.437185929648240768e-01
9.434673366834170904e-01
9.427135678391960205e-01
9.429648241206030068e-01
9.432160804020101041e-01
9.432160804020101041e-01
9.424623115577889232e-01
9.417085427135678533e-01
9.427135678391960205e-01
9.422110552763819369e-01
9.424623115577889232e-01
9.432160804020101041e-01
9.449748743718593413e-01
9.442211055276381604e-01
9.449748743718593413e-01
9.452261306532663276e-01
9.462311557788944949e-01
9.469849246231155648e-01
9.469849246231155648e-01
9.462311557788944949e-01
9.457286432160804113e-01
9.459798994974873976e-01
9.467336683417085785e-01
9.472361809045226622e-01
9.477386934673366348e-01
9.479899497487437321e-01
9.477386934673366348e-01
9.474874371859296485e-01
9.479899497487437321e-01
9.487437185929648020e-01
9.479899497487437321e-01
9.487437185929648020e-01
9.492462311557788857e-01
9.492462311557788857e-01
9.499999999999999556e-01
9.499999999999999556e-01
9.507537688442211365e-01
9.502512562814070529e-01
9.497487437185929693e-01
9.497487437185929693e-01
9.507537688442211365e-01
9.505025125628140392e-01
9.502512562814070529e-01
9.492462311557788857e-01
9.489949748743718994e-01
9.497487437185929693e-01
9.499999999999999556e-01
9.494974874371859830e-01
9.499999999999999556e-01
9.502512562814070529e-01
9.499999999999999556e-01
9.502512562814070529e-01
9.502512562814070529e-01
9.499999999999999556e-01
9.499999999999999556e-01
9.502512562814070529e-01
9.515075376884422065e-01
9.517587939698491928e-01
9.515075376884422065e-01
9.522613065326632764e-01
9.525125628140703737e-01
9.535175879396985410e-01
9.537688442211055273e-01
9.545226130653265972e-01
9.540201005025125136e-01
9.540201005025125136e-01
9.542713567839196109e-01
9.542713567839196109e-01
9.535175879396985410e-01
9.540201005025125136e-01
9.540201005025125136e-01
9.532663316582914437e-01
9.532663316582914437e-01
9.537688442211055273e-01
9.537688442211055273e-01
9.540201005025125136e-01
9.535175879396985410e-01
9.542713567839196109e-01
9.542713567839196109e-01
9.547738693467336946e-01
9.547738693467336946e-01
9.547738693467336946e-01
9.545226130653265972e-01
9.545226130653265972e-01
9.540201005025125136e-01
9.545226130653265972e-01
9.545226130653265972e-01
9.545226130653265972e-01
9.547738693467336946e-01
9.547738693467336946e-01
9.547738693467336946e-01
9.550251256281406809e-01
9.550251256281406809e-01
9.547738693467336946e-01
9.550251256281406809e-01
9.547738693467336946e-01
9.552763819095477782e-01
9.552763819095477782e-01
9.555276381909547645e-01
9.552763819095477782e-01
9.555276381909547645e-01
9.555276381909547645e-01
9.555276381909547645e-01
9.560301507537688481e-01
9.562814070351758344e-01
9.570351758793970154e-01
9.567839195979899181e-01
9.567839195979899181e-01
9.570351758793970154e-01
9.562814070351758344e-01
9.560301507537688481e-01
9.565326633165829318e-01
9.570351758793970154e-01
9.570351758793970154e-01
9.570351758793970154e-01
9.565326633165829318e-01
9.567839195979899181e-01
9.567839195979899181e-01
9.565326633165829318e-01
9.560301507537688481e-01
9.562814070351758344e-01
9.557788944723618618e-01
9.565326633165829318e-01
9.572864321608040017e-01
9.572864321608040017e-01
9.570351758793970154e-01
9.565326633165829318e-01
9.570351758793970154e-01
9.575376884422110990e-01
9.572864321608040017e-01
9.572864321608040017e-01
9.575376884422110990e-01
9.575376884422110990e-01
9.577889447236180853e-01
9.577889447236180853e-01
9.577889447236180853e-01
9.575376884422110990e-01
9.580402010050250716e-01
9.577889447236180853e-01
9.577889447236180853e-01
9.580402010050250716e-01
9.580402010050250716e-01
9.580402010050250716e-01
9.592964824120603362e-01
9.590452261306532389e-01
9.592964824120603362e-01
9.592964824120603362e-01
9.595477386934673225e-01
9.597989949748744198e-01
9.595477386934673225e-01
9.595477386934673225e-01
9.603015075376883924e-01
9.603015075376883924e-01
9.608040201005024761e-01
9.608040201005024761e-01
9.608040201005024761e-01
9.608040201005024761e-01
9.610552763819095734e-01
9.610552763819095734e-01
9.608040201005024761e-01
9.608040201005024761e-01
9.603015075376883924e-01
9.603015075376883924e-01
9.603015075376883924e-01
9.600502512562814061e-01
9.600502512562814061e-01
9.603015075376883924e-01
9.603015075376883924e-01
9.603015075376883924e-01
9.603015075376883924e-01
9.603015075376883924e-01
9.605527638190954898e-01
9.608040201005024761e-01
9.608040201005024761e-01
9.608040201005024761e-01
9.608040201005024761e-01
9.610552763819095734e-01
9.610552763819095734e-01
9.608040201005024761e-01
9.608040201005024761e-01
9.608040201005024761e-01
9.610552763819095734e-01
9.610552763819095734e-01
9.608040201005024761e-01
9.608040201005024761e-01
9.613065326633165597e-01
9.610552763819095734e-01
9.613065326633165597e-01
9.608040201005024761e-01
9.608040201005024761e-01
9.608040201005024761e-01
9.608040201005024761e-01
9.613065326633165597e-01
9.613065326633165597e-01
9.610552763819095734e-01
9.613065326633165597e-01
9.613065326633165597e-01
9.618090452261306433e-01
9.615577889447236570e-01
9.618090452261306433e-01
9.618090452261306433e-01
9.618090452261306433e-01
9.613065326633165597e-01
9.610552763819095734e-01
9.610552763819095734e-01
9.605527638190954898e-01
9.600502512562814061e-01
9.600502512562814061e-01
9.600502512562814061e-01
9.600502512562814061e-01
9.597989949748744198e-01
9.597989949748744198e-01
9.597989949748744198e-01
9.595477386934673225e-01
9.595477386934673225e-01
9.592964824120603362e-01
9.592964824120603362e-01
9.592964824120603362e-01
