6.664432903333891156e-01
3.458498023715415176e-02
8.081769812377485040e-01
7.254901960784313486e-01
7.861671469740634244e-01
8.366190799909358766e-01
7.478527607361964424e-01
7.406483790523690214e-01
7.984610831606985260e-01
8.313903895365367669e-01
8.601342281879195140e-01
8.665218440743424066e-01
8.618654073199527588e-01
8.526466380543632484e-01
8.871657754010695562e-01
8.341094295692665916e-01
8.917861799217732255e-01
8.604717249218527542e-01
8.983006535947711813e-01
8.605947955390335080e-01
9.134343693809401366e-01
8.744318181818181435e-01
9.081872874705728682e-01
8.921496698459281394e-01
9.032741814546363379e-01
9.128697042366107350e-01
9.044866501513900703e-01
9.051460361613351546e-01
9.160857216627937838e-01
9.094910591471802030e-01
9.105564222568902633e-01
9.178154825026511032e-01
9.167591564927858316e-01
9.077448747152619957e-01
9.241819632881086433e-01
9.245594713656387631e-01
9.277839029768467638e-01
9.120879120879120672e-01
9.195664575014260711e-01
