8.832425654005113813e-01
8.896783831140222532e-01
9.229823290945640135e-01
8.956218710070409372e-01
9.068606950752086115e-01
9.296631388986154043e-01
9.099958845176386868e-01
9.146580324437467713e-01
9.274659105164370088e-01
9.221816451555342464e-01
9.385842965324829867e-01
9.486576905161765438e-01
9.492497820718197588e-01
9.543795876511226295e-01
9.563628097270171491e-01
9.512646650756323430e-01
9.579667461974352705e-01
9.565787794960001200e-01
9.628458898759102436e-01
9.660366681787967424e-01
9.682011957165621574e-01
9.668028340451280123e-01
9.671934345560639912e-01
9.687982136761862373e-01
9.693183988945587304e-01
9.702626716358735415e-01
9.706905083714976179e-01
9.708772737417699084e-01
9.721073199950327481e-01
9.710015455305789356e-01
9.718564505000095721e-01
9.737058591531894125e-01
9.743556896895121389e-01
9.749166520547551951e-01
9.764898104095851572e-01
9.762645676978461973e-01
9.777089962836627013e-01
9.779909337600953823e-01
9.789597141953255699e-01
