4.997487437185929582e-01
5.078085642317380355e-01
8.270202020202019888e-01
7.731645569620253511e-01
8.116751269035532568e-01
8.165394402035623944e-01
7.903061224489795755e-01
7.872122762148338060e-01
8.253846153846153832e-01
8.475578406169665957e-01
8.657216494845361154e-01
8.571059431524548078e-01
8.484455958549222965e-01
8.662337662337662447e-01
8.901041666666666963e-01
8.511749347258485976e-01
8.913612565445026004e-01
8.711286089238845509e-01
8.976315789473684470e-01
8.416886543535619936e-01
9.108465608465607932e-01
8.827586206896551602e-01
9.066489361702128047e-01
8.823999999999999622e-01
8.965240641711229586e-01
9.123324396782841461e-01
9.067204301075268980e-01
9.080862533692722893e-01
9.121621621621621712e-01
9.108401084010839810e-01
9.065217391304347672e-01
9.155313351498637342e-01
9.180327868852459217e-01
9.112328767123287765e-01
9.217032967032966484e-01
9.245179063360881022e-01
9.276243093922651450e-01
9.157894736842104866e-01
9.216666666666666341e-01
