1.102645642025890993e+00
1.532740803719207179e+00
1.972828113666764693e+00
2.481100663037068443e+00
2.928207494562229840e+00
3.540671657108759973e+00
4.009115456461586291e+00
4.526637745817424729e+00
4.994029515004513087e+00
5.563194083311827853e+00
6.096599889835488284e+00
6.671090467749309028e+00
7.248951391073205741e+00
7.806576984658022411e+00
8.385119161659531528e+00
8.977690118103055283e+00
9.538700169694493525e+00
1.013571916097498615e+01
1.080387035909370752e+01
1.144880462003857247e+01
1.205064285029948223e+01
1.271752348678637645e+01
1.331716015149504528e+01
1.402047481627960224e+01
1.467117129445978208e+01
1.546828856075444492e+01
1.605401576163785649e+01
1.672119789457065053e+01
1.737576678458572133e+01
1.804309218178968877e+01
1.880191469489363953e+01
1.953747322882554727e+01
2.034949425574450288e+01
2.107835529196745483e+01
2.179840022990902071e+01
2.257579492425065837e+01
2.334929454107623314e+01
2.412724475866707508e+01
2.497788555622537388e+01
