4.997487437185929582e-01
5.087939698492461860e-01
8.276381909547738669e-01
7.746231155778894317e-01
8.130653266331657747e-01
8.183417085427135973e-01
7.929648241206029846e-01
7.899497487437185939e-01
8.276381909547738669e-01
8.497487437185929915e-01
8.678391959798994471e-01
8.592964824120602474e-01
8.507537688442211588e-01
8.680904522613065444e-01
8.912060301507537252e-01
8.535175879396984522e-01
8.924623115577889898e-01
8.733668341708542560e-01
8.989949748743718549e-01
8.457286432160804335e-01
9.115577889447236126e-01
8.849246231155778464e-01
9.075376884422110546e-01
8.846733668341708601e-01
8.977386934673367014e-01
9.125628140703517799e-01
9.072864321608040683e-01
9.085427135678392219e-01
9.123115577889446826e-01
9.110552763819095290e-01
9.070351758793969710e-01
9.155778894472361706e-01
9.178391959798994915e-01
9.115577889447236126e-01
9.213567839195979658e-01
9.238693467336683840e-01
9.268844221105527748e-01
9.160804020100502543e-01
9.211055276381909795e-01
