0.000000000000000000e+00
6.657704587464291501e-01
3.559519193485847222e-01
6.843565730142212589e-01
2.646551724137931050e-01
7.565470417070806475e-01
3.340138832176399175e-01
4.862119013062408679e-01
7.902981303688730863e-01
8.371478873239436291e-01
6.386499007279946571e-01
8.489208633093526801e-01
4.865900383141762986e-01
8.790087463556851555e-01
8.873786407766990347e-01
8.989925083957632790e-01
8.809063277148384552e-01
8.770104068117312579e-01
8.251789976133652171e-01
8.529669687225955865e-01
9.024512256128063292e-01
8.791083166619033662e-01
8.316590563165905392e-01
9.130318437249129726e-01
8.831545375471151482e-01
9.176151761517614691e-01
9.173711480774475735e-01
9.141201264488935108e-01
8.921998247151620154e-01
9.039200614911607756e-01
9.201277955271566222e-01
9.261191980225212950e-01
9.061224489795919323e-01
9.266987693953986360e-01
9.313482216708023342e-01
9.345950459226273210e-01
9.336582724072568507e-01
9.370122630992195889e-01
9.320443559852146231e-01
