4.997487437185929582e-01
4.989924433249370295e-01
5.805555555555556024e-01
5.392405063291139111e-01
5.670050761421320251e-01
6.806615776081424984e-01
5.839285714285714635e-01
6.378516624040920791e-01
7.871794871794871584e-01
8.097686375321336838e-01
7.185567010309278357e-01
8.263565891472868241e-01
6.528497409326424750e-01
8.706493506493506729e-01
8.791666666666666519e-01
8.979112271540470314e-01
8.871727748691099480e-01
8.635170603674540146e-01
8.457894736842105354e-01
8.672823218997361971e-01
8.968253968253968589e-01
8.877984084880636839e-01
8.529255319148936199e-01
9.133333333333333304e-01
8.922459893048128032e-01
9.184986595174262636e-01
9.185483870967742215e-01
9.121293800539083119e-01
9.002702702702702897e-01
8.983739837398373451e-01
9.184782608695651884e-01
9.267029972752043321e-01
9.120218579234972145e-01
9.249315068493150216e-01
9.315934065934066144e-01
9.352617079889806728e-01
9.323204419889502548e-01
9.373961218836565079e-01
9.336111111111110583e-01
