8.950405027753093323e-01
8.280070930247609429e-01
7.987906333003350623e-01
8.843389296217192275e-01
8.443584218160211652e-01
8.719020186345054491e-01
8.474428777296031390e-01
8.585827479529128947e-01
8.686506245890862621e-01
9.115265988267586827e-01
9.105214799888192712e-01
9.269674519746562424e-01
9.220911430696897559e-01
9.452804709814054407e-01
9.538690363162287689e-01
9.579157595298450900e-01
9.626558928362415335e-01
9.646829203234271732e-01
9.617072022160665368e-01
9.651550741083674279e-01
9.693753602581792750e-01
9.689127482779726908e-01
9.705995359891353980e-01
9.698318921378996649e-01
9.711950479057807062e-01
9.730820396180623888e-01
9.739077726030311855e-01
9.744551247121050475e-01
9.743423645802380406e-01
9.759772896062872682e-01
9.776931029390045769e-01
9.784297909444918950e-01
9.801645400168597089e-01
9.809003085099196051e-01
9.820968330646896449e-01
9.835760063919489760e-01
9.840818070818071472e-01
9.837084369774311554e-01
9.842194413716813806e-01
