1.587194660136447055e+00
2.383559769186831545e+00
3.377205253134889062e+00
4.132435145147610456e+00
5.176561376738391118e+00
6.137244546018337132e+00
6.756098030349676264e+00
7.537224531792162452e+00
8.374193711169937160e+00
9.371180458590970375e+00
1.023707318491869955e+01
1.131989700372650987e+01
1.210157133039319888e+01
1.314681630577615579e+01
1.419448693665617611e+01
1.533825278392396285e+01
1.612390301312552765e+01
1.716839531683945097e+01
1.805585721818351885e+01
1.912065027410426410e+01
2.032489713843460777e+01
2.142537068010278745e+01
2.261548314036917873e+01
2.360270611122541595e+01
2.469475315149247763e+01
2.588183268707507523e+01
2.723437040939825238e+01
2.822908374626786099e+01
2.937449820107212872e+01
3.055608066758577479e+01
3.318279401129620965e+01
3.315303953194234055e+01
3.420264658173618955e+01
3.550230013894179137e+01
3.696648472824745113e+01
3.813821061720591388e+01
3.965040111840426107e+01
4.092173369364536484e+01
4.211311414907322614e+01
