4.997487437185929582e-01
5.002512562814069863e-01
5.826633165829145922e-01
5.427135678391959983e-01
5.713567839195979881e-01
6.844221105527638072e-01
5.899497487437186383e-01
6.439698492462311297e-01
7.909547738693467611e-01
8.135678391959798583e-01
7.251256281407034709e-01
8.304020100502512713e-01
6.625628140703517799e-01
8.741206030150753259e-01
8.824120603015075393e-01
9.002512562814070085e-01
8.899497487437185717e-01
8.670854271356783771e-01
8.505025125628140614e-01
8.713567839195980325e-01
8.997487437185929249e-01
8.909547738693467389e-01
8.580402010050250938e-01
9.148241206030151007e-01
8.944723618090452133e-01
9.193467336683417424e-01
9.195979899497487287e-01
9.135678391959799471e-01
9.027638190954774267e-01
9.012562814070351758e-01
9.201005025125628123e-01
9.278894472361809420e-01
9.145728643216080034e-01
9.266331658291456774e-01
9.329145728643215563e-01
9.364321608040201417e-01
9.334170854271356399e-01
9.376884422110552952e-01
9.344221105527638072e-01
