6.659963130551366239e-01
6.948884595116809892e-01
8.030434782608696365e-01
8.330068560235064368e-01
8.156748911465890872e-01
7.998984255967497292e-01
8.156082631981635966e-01
8.231987736331118910e-01
8.223896663078578140e-01
8.433544303797467778e-01
8.464163822525596625e-01
8.486443801000262965e-01
7.713226205191595630e-01
8.447729672650474697e-01
8.493443938988494146e-01
8.515603799185887945e-01
8.602620087336244614e-01
8.473304473304473783e-01
8.617710583153348480e-01
8.650575973669774044e-01
8.561545113865668410e-01
8.682084146001670666e-01
8.695893451720311251e-01
8.702594810379242762e-01
8.735244519392916240e-01
8.726958525345622775e-01
8.812499999999998668e-01
8.866855524079320094e-01
8.893867264071687595e-01
8.845602979089085549e-01
8.756598240469207761e-01
8.901927912824810774e-01
8.917700112739570528e-01
8.912858359352823223e-01
8.819546658816601603e-01
8.819177271382064864e-01
8.954096455549099831e-01
8.970118944009283224e-01
8.956772334293947591e-01
