8.508699673820625531e-01
8.953832792627621773e-01
8.984103719284318723e-01
9.031496955265267967e-01
8.715322719250755412e-01
8.692469803145802532e-01
8.903247941743270832e-01
8.951051622437402600e-01
9.072340938092067208e-01
9.098750951965933753e-01
9.104986221788942125e-01
9.110800346992233845e-01
9.150086070903523661e-01
9.092872453623681572e-01
9.137692316873754494e-01
9.152086060209423390e-01
9.183886664890391627e-01
9.185287958115182505e-01
9.177920388167172261e-01
9.197710944026733504e-01
9.213586256187272783e-01
9.211547711084324686e-01
9.217123253757737444e-01
9.231904167008001538e-01
9.237237824630759597e-01
9.243428240224298431e-01
9.247071045289682045e-01
9.249133615710434242e-01
9.247111540427038756e-01
9.250434192003346157e-01
9.245763522877509244e-01
9.244419695889760646e-01
9.255967062460210837e-01
9.245869232598413756e-01
9.272080446830227585e-01
9.276679643922318697e-01
9.276954084720883120e-01
9.267178510655538215e-01
9.262163023027274456e-01
