4.992462311557788746e-01
5.624685138539042839e-01
7.712121212121212377e-01
8.273417721518987467e-01
8.065989847715736571e-01
7.994910941475826816e-01
8.155612244897959551e-01
8.230179028132992292e-01
8.307692307692308153e-01
8.473007712082262222e-01
8.492268041237113207e-01
8.514211886304909882e-01
8.082901554404144928e-01
8.472727272727272885e-01
8.533854166666666741e-01
8.571801566579634324e-01
8.659685863874345690e-01
8.611548556430446144e-01
8.652631578947368451e-01
8.701846965699208125e-01
8.679894179894179773e-01
8.745358090185676447e-01
8.750000000000000000e-01
8.786666666666667069e-01
8.796791443850267012e-01
8.815013404825737808e-01
8.876344086021505930e-01
8.921832884097035121e-01
8.932432432432432234e-01
8.907859078590786295e-01
8.847826086956521729e-01
8.929155313351498924e-01
8.950819672131147264e-01
8.950684931506849296e-01
8.898351648351647825e-01
8.900826446280991622e-01
9.005524861878453358e-01
9.016620498614958956e-01
8.994444444444444908e-01
