1.079729175514330564e+00
1.542488028906518593e+00
1.994509355136869999e+00
2.509350004981570237e+00
3.276333520218031481e+00
3.699856009025097592e+00
4.166002734416906605e+00
4.609216961940546753e+00
5.134714740064737271e+00
5.663481074829178397e+00
6.223183872667505057e+00
6.763605051615741104e+00
7.374517660169658484e+00
7.913265858143859077e+00
8.506504825430965866e+00
9.282370278757298365e+00
9.942361700026594917e+00
1.027086425803645398e+01
1.114622247140141553e+01
1.152136664412864775e+01
1.217683990487239498e+01
1.276816897107710247e+01
1.350054162331252883e+01
1.405112214172368112e+01
1.474421095982143015e+01
1.541029558990885562e+01
1.609481123582918372e+01
1.684458853520482080e+01
1.850280989812745247e+01
1.823225483366150002e+01
1.890908682694134768e+01
1.963720988512795884e+01
2.032205696260825789e+01
2.108004136265844863e+01
2.189324953032883059e+01
2.263341702514662757e+01
2.391590020445983100e+01
2.415907902226354054e+01
2.506122460325423162e+01
