4.992462311557788746e-01
5.635678391959798583e-01
7.721105527638191246e-01
8.283919597989949368e-01
8.080402010050251604e-01
8.015075376884421843e-01
8.175879396984924163e-01
8.253768844221105461e-01
8.331658291457286758e-01
8.492462311557789079e-01
8.515075376884422287e-01
8.540201005025125358e-01
8.118090452261306211e-01
8.499999999999999778e-01
8.560301507537688703e-01
8.597989949748743310e-01
8.685929648241206280e-01
8.640703517587939864e-01
8.683417085427135307e-01
8.731155778894472697e-01
8.711055276381909351e-01
8.776381909547739113e-01
8.783919597989949812e-01
8.814070351758793720e-01
8.826633165829145256e-01
8.844221105527638738e-01
8.902010050251256690e-01
8.944723618090452133e-01
8.954773869346733806e-01
8.934673366834170460e-01
8.879396984924623482e-01
8.957286432160803669e-01
8.977386934673367014e-01
8.977386934673367014e-01
8.929648241206029624e-01
8.932160804020100597e-01
9.030150753768844130e-01
9.042713567839195665e-01
9.025125628140703293e-01
