6.657727120348642114e-01
6.706061117676853645e-01
7.012704174228675535e-01
7.138449672194370210e-01
7.204069653688123243e-01
7.288606589916633016e-01
7.376580987352101548e-01
7.504636307438696807e-01
7.674319727891156795e-01
4.979771974990805927e-01
7.827413379821311912e-01
7.940096072336817468e-01
7.970930232558139927e-01
8.291303323120433610e-01
8.350340136054421603e-01
5.795128939828080306e-01
8.561610211094747847e-01
6.143513609049133795e-01
8.714880332986472133e-01
8.822429906542056388e-01
8.798969072164949390e-01
8.597807270628966547e-01
8.888290713324360492e-01
8.563084112149533800e-01
8.649468892261001907e-01
8.786587098607558932e-01
8.842494714587737503e-01
8.650073206442165930e-01
8.933982683982684136e-01
8.861696072851450445e-01
8.686928297432869872e-01
8.877344877344877094e-01
8.906882591093117085e-01
8.946796959826276430e-01
8.937019093758905575e-01
8.893406912576241607e-01
8.951170182028315159e-01
9.023626530031311210e-01
8.996819890141659615e-01
