4.989949748743718327e-01
5.085642317380352218e-01
5.843434343434343869e-01
6.243037974683544045e-01
6.373096446700508011e-01
6.524173027989821350e-01
6.719387755102040893e-01
6.902813299232736233e-01
7.194871794871794402e-01
6.491002570694087703e-01
7.430412371134020866e-01
8.116279069767441401e-01
8.191709844559585951e-01
8.116883116883116811e-01
8.484374999999999556e-01
6.934725848563968453e-01
8.465968586387434547e-01
7.136482939632545763e-01
8.699999999999999956e-01
8.836411609498681097e-01
8.767195767195766765e-01
8.710875331564986723e-01
8.901595744680851352e-01
8.688000000000000167e-01
8.572192513368983580e-01
8.855227882037532972e-01
8.822580645161289814e-01
8.757412398921833319e-01
8.935135135135134909e-01
8.915989159891598570e-01
8.790760869565217295e-01
8.940054495912806987e-01
8.967213114754097880e-01
8.936986301369862495e-01
8.975274725274725585e-01
8.950413223140495367e-01
8.997237569060773099e-01
9.049861495844875314e-01
9.036111111111111427e-01
