8.730784498510637537e-01
8.807273393593867405e-01
8.709145375276376999e-01
8.639862582601061103e-01
8.554014694654177298e-01
8.333861693861692732e-01
8.165713684723513444e-01
8.636666339580675311e-01
8.744605493506603100e-01
8.836643577840118668e-01
8.893959155125699123e-01
8.800365642335654659e-01
8.919941442834801171e-01
9.047913630229419413e-01
9.102738863734041175e-01
9.106964791467559994e-01
9.166749600751205040e-01
9.183633419465977443e-01
9.189809870129869163e-01
9.248106521120926793e-01
9.243374236134930255e-01
9.293378756350664238e-01
9.273964667338867596e-01
9.282391436767695181e-01
9.243578556165806814e-01
9.308063026806204787e-01
9.281921721271665371e-01
9.346823645407256187e-01
9.311674470648640956e-01
9.331381195957394459e-01
9.353047423002023297e-01
9.348839129591495212e-01
9.351491712707182824e-01
9.306761503004622460e-01
9.333643112294268684e-01
9.340713520655374857e-01
9.346255665833073101e-01
9.358065703390212597e-01
9.368681318681318926e-01
