1.074185169124575623e+00
1.474457926954528375e+00
1.907313228455677745e+00
1.990739576571286307e+00
2.844454480062267976e+00
3.390216897642858385e+00
3.957022894038345839e+00
4.470115526497465908e+00
4.964442693913042604e+00
5.498091807086893823e+00
6.065087254280115303e+00
6.624813008214005094e+00
7.197902099695966172e+00
7.740620474884053692e+00
8.346978067328564066e+00
9.023179711402008252e+00
9.521659400821590680e+00
1.023391742340118071e+01
1.075091154486653977e+01
1.141108984244328894e+01
1.200147369627484295e+01
1.270681655089993001e+01
1.324809843572620593e+01
1.402702175647755212e+01
1.458169049983371224e+01
1.679985271590339835e+01
1.601028294455318246e+01
1.671008767765852099e+01
1.740516512155227247e+01
1.817909643516031792e+01
1.886443362764566700e+01
1.954953945922261482e+01
2.034407985500820359e+01
2.243114040827276767e+01
2.232684667486046237e+01
2.269816339639510261e+01
2.372869875954620511e+01
2.416118841673051065e+01
2.491111250811445643e+01
