4.989949748743718327e-01
5.097989949748743532e-01
5.864321608040200529e-01
6.271356783919598277e-01
6.407035175879397526e-01
6.565326633165828873e-01
6.766331658291456774e-01
6.954773869346733139e-01
7.248743718592964846e-01
6.567839195979899847e-01
7.492462311557789301e-01
8.165829145728643601e-01
8.243718592964823788e-01
8.173366834170854300e-01
8.530150753768843686e-01
7.040201005025125136e-01
8.517587939698492150e-01
7.248743718592964846e-01
8.748743718592965068e-01
8.881909547738693345e-01
8.819095477386934556e-01
8.766331658291457440e-01
8.949748743718592969e-01
8.748743718592965068e-01
8.643216080402009727e-01
8.912060301507537252e-01
8.881909547738693345e-01
8.821608040201005529e-01
8.987437185929648686e-01
8.964824120603015478e-01
8.849246231155778464e-01
8.987437185929648686e-01
9.010050251256281895e-01
8.984924623115577713e-01
9.022613065326633430e-01
9.000000000000000222e-01
9.045226130653266639e-01
9.092964824120602918e-01
9.080402010050251382e-01
