0.000000000000000000e+00
6.657704587464291501e-01
1.303911735205616658e-02
7.217630853994491114e-01
5.175788329104747953e-01
7.442391925347553450e-01
6.073514256269323397e-01
7.407125166698419472e-01
7.325651910248636156e-01
8.225667527993109074e-01
8.608582574772430940e-01
8.715203426124197295e-01
8.809696969696969582e-01
6.936184430337453133e-01
8.272846523830345022e-01
7.773608505315823258e-01
8.922659430122117374e-01
8.387819077474250040e-01
8.143382352941175295e-01
8.650292397660819255e-01
8.725179856115107269e-01
9.112457203055043253e-01
8.372943327239488198e-01
8.995880535530380584e-01
8.982574480044969167e-01
8.893261190359074142e-01
9.160146061554511610e-01
8.861054471307894254e-01
9.006321112515802696e-01
8.993946382242722359e-01
9.198473282442748422e-01
9.221556886227544325e-01
8.499690018598884400e-01
9.227777777777776969e-01
9.080325960419091125e-01
9.046081596712649553e-01
9.266517357222843199e-01
9.297475301866081621e-01
9.039145907473309371e-01
