7.852310005381178959e-01
8.485263091374087852e-01
8.753609007654576946e-01
8.765779907701591878e-01
8.932000309206626909e-01
9.071575768107862370e-01
9.161128175760100412e-01
9.266465201465201584e-01
9.174408941485865387e-01
9.253332191388838890e-01
9.351243490275267245e-01
9.485348770439809840e-01
9.527162637560888658e-01
9.565473993044086853e-01
9.587736925941519051e-01
9.612636152032163483e-01
9.630144357376266839e-01
9.642434063955199752e-01
9.679952819931529895e-01
9.680992166825534984e-01
9.696047143137089819e-01
9.703621024416999585e-01
9.695028772925751159e-01
9.686406303333712220e-01
9.724309393687134984e-01
9.735339281447903392e-01
9.746862628570370779e-01
9.749617554815205311e-01
9.738028702362878652e-01
9.742759199520328872e-01
9.738961250325280927e-01
9.745709757969288622e-01
9.771446726692507578e-01
9.773195387224311581e-01
9.772318815246332502e-01
9.780186821469867287e-01
9.782637362637363054e-01
9.792489281452123606e-01
9.798448664920326179e-01
