4.997487437185929582e-01
4.989924433249370295e-01
5.030303030303030498e-01
6.164556962025316000e-01
6.621827411167512389e-01
6.582697201017811972e-01
7.084183673469387488e-01
6.519181585677749080e-01
7.738461538461538503e-01
7.881748071979434167e-01
8.621134020618557159e-01
8.759689922480620172e-01
8.727979274611399330e-01
7.618181818181818388e-01
7.942708333333333703e-01
8.140992167101828159e-01
8.960732984293193759e-01
8.110236220472440971e-01
8.405263157894736770e-01
8.477572559366755023e-01
8.828042328042328135e-01
9.106100795755968091e-01
8.579787234042552946e-01
8.960000000000000187e-01
9.032085561497326109e-01
8.793565683646112907e-01
9.134408602150537737e-01
8.946091644204852145e-01
8.937837837837837585e-01
9.054200542005420571e-01
9.201086956521739024e-01
9.220708446866484609e-01
8.677595628415301077e-01
9.238356164383562108e-01
9.131868131868131622e-01
9.104683195592286893e-01
9.276243093922651450e-01
9.290858725761772519e-01
9.100000000000000311e-01
