1.551685663785974612e+00
2.385227621167359757e+00
3.193165912354743341e+00
4.098995995871518971e+00
4.943580416338591021e+00
5.802916346105121193e+00
6.639988590181019390e+00
7.546304061390401330e+00
8.395684625440480886e+00
9.308582124818713055e+00
1.032496727375109913e+01
1.123155131189378153e+01
1.222157114222500240e+01
1.312225397793372395e+01
1.402577601089978998e+01
1.517659387847015751e+01
1.614698865048194421e+01
1.714878822000537184e+01
1.821001934280684509e+01
1.916542397438934131e+01
2.027620313068655378e+01
2.132422315517396783e+01
2.232264339998982905e+01
2.357481107299645373e+01
2.455754239016823703e+01
2.561180360230355291e+01
2.675788648086199828e+01
2.811528962677220989e+01
2.925451848899501783e+01
3.037541594731555961e+01
3.163613157556028455e+01
3.349329801478597801e+01
3.405661587700888049e+01
3.539326666772103636e+01
3.656357274421679904e+01
3.951443611421564128e+01
3.917587456384353573e+01
4.053872388795934967e+01
4.173359656884349533e+01
