4.997487437185929582e-01
4.997487437185929582e-01
5.050251256281407253e-01
6.188442211055276143e-01
6.650753768844220870e-01
6.620603015075376963e-01
7.123115577889447270e-01
6.575376884422110546e-01
7.778894472361809198e-01
7.922110552763819147e-01
8.643216080402009727e-01
8.781407035175879949e-01
8.746231155778894095e-01
7.675879396984924830e-01
7.994974874371859608e-01
8.190954773869346672e-01
8.982412060301507850e-01
8.170854271356784437e-01
8.457286432160804335e-01
8.530150753768843686e-01
8.866834170854270836e-01
9.133165829145728498e-01
8.633165829145729164e-01
8.994974874371859386e-01
9.065326633165828873e-01
8.844221105527638738e-01
9.163316582914572406e-01
8.984924623115577713e-01
8.977386934673367014e-01
9.087939698492462082e-01
9.223618090452261331e-01
9.243718592964823566e-01
8.746231155778894095e-01
9.263819095477386911e-01
9.163316582914572406e-01
9.138190954773869334e-01
9.296482412060301792e-01
9.311557788944723191e-01
9.138190954773869334e-01
