7.973856209150327334e-01
0.000000000000000000e+00
7.694610778443113919e-01
6.653150870079406198e-01
7.990886495443246806e-01
1.616067258290518338e-01
8.366788321167883957e-01
5.937834941050375015e-01
7.000360100828231236e-01
7.339097022094139833e-01
7.913133402275077666e-01
7.038142620232170632e-01
8.819512195121951281e-01
8.862370723945902640e-01
8.339238263950399244e-01
7.623604465709729050e-01
8.912765413149144056e-01
8.942505133470226575e-01
8.998187936836654632e-01
9.025456415530983545e-01
8.664944013781223919e-01
9.052523171987642003e-01
9.085801838610826353e-01
9.019607843137256165e-01
8.755439512619669351e-01
9.131578947368420573e-01
9.013139502376293910e-01
8.299659477866061508e-01
9.180775532495905056e-01
9.078459343794579306e-01
9.177830312582085925e-01
9.033746755119700378e-01
9.078812691914022182e-01
9.227902023429180867e-01
9.254555494202099108e-01
9.238578680203046734e-01
9.190585533869115586e-01
9.290322580645161699e-01
9.067695961995249077e-01
