7.896984924623116076e-01
4.994962216624684870e-01
8.055555555555555802e-01
4.984810126582278622e-01
7.538071065989847552e-01
5.432569974554707359e-01
8.173469387755102344e-01
7.092071611253196739e-01
5.728205128205128283e-01
7.863753213367609129e-01
7.399484536082474584e-01
7.692506459948320607e-01
8.746113989637305242e-01
8.885714285714285676e-01
8.046875000000000000e-01
8.054830287206266037e-01
8.887434554973822065e-01
8.918635170603674833e-01
8.981578947368421550e-01
9.000000000000000222e-01
8.769841269841269771e-01
9.023872679045092937e-01
9.047872340425532345e-01
9.040000000000000258e-01
8.852941176470587870e-01
9.115281501340483095e-01
9.051075268817204700e-01
7.981132075471698561e-01
9.189189189189189699e-01
9.124661246612466581e-01
9.149456521739129933e-01
9.087193460490463615e-01
9.016393442622950838e-01
9.205479452054794454e-01
9.258241758241758657e-01
9.214876033057851634e-01
9.220994475138121205e-01
9.268698060941827910e-01
9.127777777777777990e-01
