8.815324107977071666e-01
8.985305646561450033e-01
8.984653571544267692e-01
9.183201562635797677e-01
9.295055089039936380e-01
9.288371849697089067e-01
9.362254646245987688e-01
9.451141737691408640e-01
9.486700109796907254e-01
9.466363558263559685e-01
9.503955680436818598e-01
9.517253904346026916e-01
9.553708513708513150e-01
9.580943375299444398e-01
9.593427212981074925e-01
9.588347688890307419e-01
9.585473281170504567e-01
9.592918159272527667e-01
9.616699132184520771e-01
9.651017304607146796e-01
9.667170199233168226e-01
9.677341551277720555e-01
9.701013616268788775e-01
9.698169538425129854e-01
9.690564514007327102e-01
9.710305056443376825e-01
9.707213450531587684e-01
9.749359470650736936e-01
9.749217738982968173e-01
9.749910105124125481e-01
9.759202481169694243e-01
9.750487433641459312e-01
9.768954269542702296e-01
9.776209456467074288e-01
9.780829031186788480e-01
9.789475377826565294e-01
9.794448689094905625e-01
9.805459438205386125e-01
9.812106413771455315e-01
