1.562931262687925482e+00
2.785611740306194406e+00
3.471844306444836548e+00
4.282288224494550377e+00
4.924701614865625743e+00
5.864646113881462952e+00
7.154008596709900303e+00
7.737621651624067454e+00
8.493516118505795021e+00
9.348161962967424188e+00
1.043452205563153257e+01
1.107440886407857761e+01
1.205471666402445408e+01
1.319131844554431154e+01
1.405575115990723134e+01
1.492720339283914655e+01
1.588203496758796973e+01
1.693296945649854024e+01
1.817763478916822351e+01
1.908857448691196623e+01
2.012921276958877570e+01
2.179999888809834374e+01
2.253250493833911605e+01
2.360647075250381022e+01
2.452491065231515677e+01
2.570764607496676035e+01
2.688270168072267552e+01
2.819737873539997963e+01
2.988642526718831505e+01
3.390838702889959677e+01
3.481188083668166655e+01
3.268374789433437400e+01
3.396982812998976442e+01
3.538875619724421995e+01
3.730985482417599997e+01
4.108395410926459590e+01
3.909865515535057057e+01
4.043264593597996281e+01
4.182717546701314859e+01
