7.896984924623116076e-01
5.005025125628140836e-01
8.062814070351759232e-01
5.017587939698492372e-01
7.555276381909548089e-01
5.482412060301508072e-01
8.193467336683416535e-01
7.135678391959798805e-01
5.806532663316582576e-01
7.904522613065326775e-01
7.454773869346733584e-01
7.746231155778894317e-01
8.771356783919598277e-01
8.904522613065326553e-01
8.095477386934673003e-01
8.108040201005025649e-01
8.912060301507537252e-01
8.942211055276382270e-01
9.002512562814070085e-01
9.022613065326633430e-01
8.806532663316583021e-01
9.047738693467336502e-01
9.072864321608040683e-01
9.065326633165828873e-01
8.886934673366834181e-01
9.133165829145728498e-01
9.072864321608040683e-01
8.077889447236180631e-01
9.206030150753768959e-01
9.145728643216080034e-01
9.168341708542713242e-01
9.108040201005025427e-01
9.045226130653266639e-01
9.216080402010050632e-01
9.263819095477386911e-01
9.226130653266331194e-01
9.233668341708543004e-01
9.276381909547738447e-01
9.150753768844220870e-01
