0.000000000000000000e+00
1.501165501165501182e-01
8.162255750680187383e-01
4.209265175718850394e-01
8.274167121791370372e-01
6.730967964174990881e-01
7.780805328489253103e-01
8.416035884496776420e-01
8.432071269487749765e-01
8.329034107194037695e-01
8.586556169429098162e-01
8.430594900849858186e-01
8.658735712619547442e-01
8.296639629200464050e-01
8.984914344157505228e-01
9.006054490413722968e-01
8.355842630651791891e-01
8.405882352941176361e-01
9.013649240278135411e-01
8.840700583819849356e-01
9.040020925974365795e-01
8.886395511921458823e-01
8.712121212121211045e-01
9.094682230869002293e-01
9.148315202971610827e-01
9.142385926333149726e-01
9.035012809564474390e-01
8.883056284631087873e-01
9.238016070933777746e-01
9.177901136664022852e-01
9.150141643059489516e-01
9.126569037656904193e-01
9.258463191832349004e-01
9.260259179265658558e-01
9.178826895565093125e-01
9.264232008592910850e-01
9.321517585156466890e-01
9.332600933809392929e-01
9.302590378593793563e-01
