4.992462311557788746e-01
5.408060453400503897e-01
8.123737373737374146e-01
6.329113924050633333e-01
8.395939086294416098e-01
5.170483460559796018e-01
8.130102040816326037e-01
8.554987212276214947e-01
8.194871794871795290e-01
8.501285347043702201e-01
8.417525773195876360e-01
8.568475452196382403e-01
8.510362694300518394e-01
8.472727272727272885e-01
8.966145833333333259e-01
8.971279373368146182e-01
8.534031413612565009e-01
8.577427821522309870e-01
8.992105263157894601e-01
8.899736147757255633e-01
9.029100529100528849e-01
8.946949602122016287e-01
8.824468085106382809e-01
9.069333333333333691e-01
9.141711229946524186e-01
9.163538873994637735e-01
9.088709677419354316e-01
8.967654986522911598e-01
9.256756756756756577e-01
9.157181571815717902e-01
9.184782608695651884e-01
9.089918256130790075e-01
9.245901639344262790e-01
9.249315068493150216e-01
9.211538461538461009e-01
9.245179063360881022e-01
9.323204419889502548e-01
9.326869806094182369e-01
9.319444444444444642e-01
