8.846647715923701139e-01
9.009862644760281425e-01
9.053358310605850168e-01
9.042152135730597839e-01
9.145293815558005468e-01
9.446520995031473245e-01
9.432327562419888789e-01
9.443016433521789210e-01
9.506484926713857364e-01
9.501728936671566261e-01
9.524809358574871654e-01
9.522573949143746663e-01
9.513317874498856686e-01
9.503174162821976800e-01
9.568480651375347312e-01
9.600352219739739512e-01
9.557319078947368318e-01
9.576293628807338587e-01
9.599299125291742563e-01
9.623630131645491970e-01
9.639682239720035462e-01
9.641871766315445180e-01
9.669764393905954103e-01
9.683244763392950816e-01
9.686773575063146735e-01
9.710946377391648232e-01
9.721297173165713845e-01
9.733350655208653501e-01
9.744957758875368858e-01
9.741569475000469991e-01
9.753972792764903366e-01
9.736145429660315598e-01
9.763243330738109460e-01
9.771952599004066764e-01
9.786307367149759129e-01
9.794874815404942536e-01
9.794157450455006630e-01
9.799523628405597542e-01
9.807673015419310358e-01
