1.091398327699607762e+00
1.539568736058754439e+00
1.926729092824643885e+00
2.481899094056643662e+00
2.967336174099727941e+00
3.503936560015063151e+00
4.068357156541424047e+00
4.600956406607110694e+00
5.107731737440190045e+00
5.737579201620064850e+00
6.283937808766495436e+00
6.873266716160287615e+00
7.327656076799939910e+00
7.960861484406450472e+00
8.509384878820128506e+00
9.151725842650193954e+00
9.772268827063271601e+00
1.037295067945797200e+01
1.105535902453721064e+01
1.165593096971588238e+01
1.229935347187074512e+01
1.300770676241609181e+01
1.373663151916571223e+01
1.433003725726302946e+01
1.509926118402108841e+01
1.573744662871376931e+01
1.643658652990870905e+01
1.721207174674600537e+01
1.793982130882795900e+01
1.889614965513919742e+01
1.938402564900843572e+01
2.011217207450135902e+01
2.087059473061253811e+01
2.164239912484663364e+01
2.238079557428864064e+01
2.337594725480084890e+01
2.395560218890750548e+01
2.483625236065381614e+01
2.569690070203796495e+01
