4.992462311557788746e-01
5.419597989949749284e-01
8.133165829145728720e-01
6.354271356783919300e-01
8.409547738693466945e-01
5.228643216080401945e-01
8.155778894472361928e-01
8.575376884422110102e-01
8.223618090452261553e-01
8.525125628140703959e-01
8.447236180904522662e-01
8.597989949748743310e-01
8.540201005025125358e-01
8.507537688442211588e-01
8.984924623115577713e-01
8.989949748743718549e-01
8.572864321608040239e-01
8.613065326633165819e-01
9.010050251256281895e-01
8.924623115577889898e-01
9.047738693467336502e-01
8.969849246231156314e-01
8.854271356783919300e-01
9.087939698492462082e-01
9.155778894472361706e-01
9.178391959798994915e-01
9.105527638190954454e-01
8.994974874371859386e-01
9.266331658291456774e-01
9.175879396984925052e-01
9.203517587939697986e-01
9.118090452261305989e-01
9.263819095477386911e-01
9.266331658291456774e-01
9.231155778894472030e-01
9.261306532663317048e-01
9.334170854271356399e-01
9.339195979899497235e-01
9.331658291457286536e-01
