6.659963130551366239e-01
6.655462184873949250e-01
6.650935445811562152e-01
6.648639513266858536e-01
6.650855497204810618e-01
6.649677200135916122e-01
6.653033401499659494e-01
6.654128910924944629e-01
6.668956043956043578e-01
6.740830870849990886e-01
6.914418438449169146e-01
6.972543352601155986e-01
7.199550730063645210e-01
7.578155916106054102e-01
8.856579595860030185e-01
8.734024596093561410e-01
8.704540052293795460e-01
8.847199564980968711e-01
8.587929540860524957e-01
8.879736408566720751e-01
8.910785619174435013e-01
8.909952606635072048e-01
8.947368421052631637e-01
8.917653538969979587e-01
8.951965065502183183e-01
8.991169387208991504e-01
9.012150026413101589e-01
9.035639412997903408e-01
9.073327961321514534e-01
9.092382495948135857e-01
9.072883172561627685e-01
9.084582441113490114e-01
9.094360086767895313e-01
9.072386058981233292e-01
9.106994747027923331e-01
9.089394780677402252e-01
9.109020475926951077e-01
9.100470523110987253e-01
9.129949804796430035e-01
