8.264876993988269360e-01
8.923684076950407773e-01
9.145535693105030228e-01
9.158769725688178376e-01
9.294389297605087918e-01
9.410120427508721352e-01
9.484169873717180899e-01
9.525966366854147216e-01
9.532378717222327325e-01
9.547606403296440281e-01
9.578076695694918152e-01
9.598683296832434264e-01
9.604300815463607810e-01
9.608727331606217170e-01
9.599400064453194048e-01
9.596201047059886857e-01
9.615100589458172031e-01
9.584045301423935737e-01
9.572670241736909169e-01
9.614644843742385927e-01
9.609526171749023238e-01
9.606992651164466546e-01
9.614649312993384100e-01
9.617361509334352299e-01
9.614933116455465223e-01
9.642365511515098575e-01
9.655669583394997924e-01
9.679186283057250595e-01
9.681757460370888912e-01
9.695991440698281671e-01
9.690997836408881128e-01
9.703954841857704849e-01
9.700433727744390833e-01
9.709021437349367734e-01
9.706979037196996618e-01
9.709615277201009143e-01
9.712382836740492964e-01
9.708060966068540187e-01
9.713405992128356647e-01
