4.992462311557788746e-01
4.987405541561713007e-01
4.982323232323232487e-01
4.979746835443037978e-01
4.982233502538070957e-01
4.982188295165394520e-01
4.989795918367346816e-01
4.994884910485933305e-01
5.025641025641025550e-01
5.179948586118251486e-01
5.548969072164948724e-01
5.669250645994832194e-01
6.124352331606217614e-01
6.820779220779220609e-01
8.791666666666666519e-01
8.629242819843342405e-01
8.573298429319371472e-01
8.887139107611548017e-01
8.713157894736842657e-01
8.923482849604221778e-01
8.917989417989418133e-01
8.901856763925729554e-01
8.957446808510638459e-01
8.951999999999999957e-01
8.973262032085561613e-01
8.989276139410187216e-01
8.994623655913978055e-01
9.008086253369271823e-01
9.067567567567567099e-01
9.089430894308943021e-01
9.059782608695652328e-01
9.068119891008173949e-01
9.087431693989070913e-01
9.052054794520547620e-01
9.112637362637362459e-01
9.096418732782368677e-01
9.110497237569060713e-01
9.099722991689750407e-01
9.133333333333333304e-01
