1.597686904075089842e+00
2.395281606004573405e+00
3.369144238298758864e+00
4.308939511771313846e+00
5.156987997470423579e+00
6.033741058839950711e+00
7.032184825278818607e+00
8.216267280455213040e+00
8.835670035681687295e+00
9.533277054026257247e+00
1.062755897565511987e+01
1.144539412180893123e+01
1.281598083768039942e+01
1.302222091075964272e+01
1.403854575345758349e+01
1.500049222994130105e+01
1.600588323839474469e+01
1.708230974309844896e+01
1.807363050163257867e+01
1.915542877034749836e+01
2.019291864562546834e+01
2.127585704036755487e+01
2.237878099747467786e+01
2.353479522635461763e+01
2.458256804617121816e+01
2.575256956007797271e+01
2.683944707736372948e+01
2.790796668402617797e+01
2.904012208670610562e+01
3.022280739567941055e+01
3.143654381873784587e+01
3.271479786065174267e+01
3.375775957113364711e+01
3.496276372368447483e+01
3.617765181942377239e+01
3.795342119061388075e+01
3.876212976907845587e+01
4.010880206368165091e+01
4.139236671518301591e+01
