4.992462311557788746e-01
5.000000000000000000e-01
5.007537688442210699e-01
5.017587939698492372e-01
5.032663316582914881e-01
5.045226130653266416e-01
5.065326633165828651e-01
5.082914572864322134e-01
5.123115577889447714e-01
5.286432160804019897e-01
5.658291457286431791e-01
5.786432160804020342e-01
6.238693467336683396e-01
6.922110552763819369e-01
8.831658291457286092e-01
8.675879396984924607e-01
8.623115577889447492e-01
8.927135678391959761e-01
8.763819095477386467e-01
8.967336683417085341e-01
8.964824120603015478e-01
8.952261306532662832e-01
9.007537688442210921e-01
9.005025125628141058e-01
9.022613065326633430e-01
9.032663316582915103e-01
9.040201005025125802e-01
9.055276381909547201e-01
9.110552763819095290e-01
9.133165829145728498e-01
9.108040201005025427e-01
9.118090452261305989e-01
9.138190954773869334e-01
9.108040201005025427e-01
9.163316582914572406e-01
9.150753768844220870e-01
9.163316582914572406e-01
9.155778894472361706e-01
9.188442211055276587e-01
