6.664432903333891156e-01
6.659946236559139976e-01
6.653185035389281854e-01
6.662162162162161838e-01
6.672320217096336936e-01
6.666666666666666297e-01
6.704370179948585529e-01
6.753156893271060612e-01
7.041388035423820080e-01
6.960257787325456746e-01
7.924762298470442445e-01
7.576142131979696215e-01
7.852307692307692877e-01
8.854473942969517397e-01
8.238126504705624020e-01
7.869465807524422818e-01
8.115691776386789735e-01
8.276167293649038248e-01
8.188769936639719305e-01
8.126224156692055667e-01
8.024983846650872721e-01
8.113661202185791232e-01
8.298736462093861954e-01
8.218198077353007225e-01
8.244549336929646310e-01
8.317735676786121024e-01
8.460458586803930592e-01
8.401486988847581827e-01
8.358070500927643476e-01
8.468978532672800652e-01
8.666829149402877075e-01
8.656425262131186571e-01
8.726823238566130403e-01
8.733581164807930897e-01
8.859604662949823739e-01
8.919057377049179891e-01
9.004442121766397245e-01
9.080765143464398781e-01
9.110873058382432665e-01
