8.708865611693040742e-01
8.991984195790281298e-01
9.016315831897243616e-01
9.194217015979014862e-01
9.249069350311563964e-01
9.296349925632100275e-01
9.408379460139358885e-01
9.433013885865469961e-01
9.472636284716972055e-01
9.520159005071074931e-01
9.512479942735663219e-01
9.502970441939371238e-01
9.528252980819078566e-01
9.563047007569051017e-01
9.606271743921874773e-01
9.619133165955898734e-01
9.628432943095956986e-01
9.642973272665547047e-01
9.651031884539739147e-01
9.649432945550241447e-01
9.656714696373639439e-01
9.668738202140620963e-01
9.670663358851198099e-01
9.667602462216625669e-01
9.681319998135338167e-01
9.686009173256782123e-01
9.685162739054107295e-01
9.687412535991938300e-01
9.694268859771266733e-01
9.695714869972359429e-01
9.701820166906972576e-01
9.709720017678591386e-01
9.716633830666584482e-01
9.723209918138601138e-01
9.726050931163552349e-01
9.729749011885907573e-01
9.732563055672148744e-01
9.735568422913719600e-01
9.737182763678386976e-01
