4.997487437185929582e-01
4.992443324937027582e-01
4.984848484848484751e-01
4.997468354430379955e-01
5.020304568527919065e-01
5.010178117048346147e-01
5.094387755102041115e-01
5.199488491048593897e-01
5.802564102564102821e-01
5.634961439588689336e-01
7.412371134020618868e-01
8.025839793281653867e-01
8.191709844559585951e-01
8.789610389610389429e-01
7.903645833333333703e-01
7.323759791122715912e-01
7.714659685863873850e-01
7.955380577427821898e-01
7.818421052631578938e-01
7.728232189973615052e-01
7.574074074074074181e-01
7.710875331564986945e-01
7.994680851063830085e-01
7.874666666666666481e-01
7.911764705882352589e-01
8.024128686327077764e-01
8.231182795698924748e-01
8.145552560646900364e-01
8.086486486486486047e-01
8.241192411924119776e-01
8.513586956521739246e-01
8.498637602179835993e-01
8.592896174863388081e-01
8.599999999999999867e-01
8.763736263736263687e-01
8.837465564738291590e-01
8.947513812154695989e-01
9.041551246537395947e-01
9.077777777777777946e-01
