1.591966078427503817e+00
2.394042769748466526e+00
3.338481440854593529e+00
4.331615444322324038e+00
4.867981704931025888e+00
6.003530289714944956e+00
6.882012628643678909e+00
7.749728759993558924e+00
9.372460318988032668e+00
9.694725948163977591e+00
1.103795906061395726e+01
1.109728631697362289e+01
1.281302764573911190e+01
1.306107593651040588e+01
1.403838543236952319e+01
1.506862147639230898e+01
1.604627053009926385e+01
1.701287283473084244e+01
1.809697156309903221e+01
1.924022007111898347e+01
2.012082657104292593e+01
2.119506443687487263e+01
2.231429072395530966e+01
2.364698343051804841e+01
2.457299959158899583e+01
2.563341822279562621e+01
2.667521206328365224e+01
2.782731131339187414e+01
2.884170916485527414e+01
2.999702737204006553e+01
3.130953648643117049e+01
3.247458170022673585e+01
3.353564780067881657e+01
3.486571684553291561e+01
3.596074129669250397e+01
3.717164991329354962e+01
3.868997855311590683e+01
3.981293185108279431e+01
4.112496455811469787e+01
