4.997487437185929582e-01
5.005025125628140836e-01
5.010050251256281673e-01
5.032663316582914881e-01
5.067839195979899625e-01
5.070351758793969488e-01
5.165829145728643157e-01
5.278894472361809198e-01
5.879396984924623037e-01
5.723618090452261553e-01
7.462311557788944283e-01
8.060301507537688259e-01
8.226130653266331416e-01
8.809045226130652884e-01
7.957286432160803891e-01
7.402010050251256468e-01
7.783919597989950034e-01
8.017587939698492816e-01
7.891959798994975239e-01
7.809045226130653106e-01
7.665829145728643157e-01
7.801507537688442406e-01
8.075376884422110768e-01
7.964824120603014590e-01
8.005025125628140170e-01
8.115577889447236348e-01
8.311557788944723413e-01
8.233668341708543226e-01
8.183417085427135973e-01
8.331658291457286758e-01
8.587939698492462748e-01
8.577889447236181075e-01
8.668341708542713908e-01
8.678391959798994471e-01
8.831658291457286092e-01
8.902010050251256690e-01
9.005025125628141058e-01
9.092964824120602918e-01
9.128140703517587662e-01
