0.000000000000000000e+00
3.347176079734219267e-01
7.163375224416517195e-01
8.275507581598561258e-01
8.326552752915649114e-01
8.426812585499316999e-01
8.492407809110630312e-01
8.537506745817592391e-01
8.552097428958052028e-01
8.572955638695884950e-01
8.566937385381189207e-01
8.600682593856655567e-01
8.634408602150538403e-01
8.635747219962028876e-01
8.654684095860566417e-01
8.630249794125721685e-01
8.651162790697675131e-01
8.667400881057267803e-01
8.676227247655818875e-01
8.692286425214266199e-01
8.705555555555555269e-01
8.720379146919431390e-01
8.752783964365256075e-01
8.756635931824531260e-01
8.757660167130918438e-01
8.787709497206704912e-01
8.787878787878786735e-01
8.797521824838073767e-01
8.852090934605668648e-01
8.962081372820370762e-01
8.995850622406639241e-01
9.074224021592443012e-01
8.974358974358973562e-01
8.981767180925666061e-01
8.986486486486485736e-01
9.004231311706628604e-01
9.115608538952038042e-01
8.990141220357047436e-01
9.023282226007949269e-01
