4.997487437185929582e-01
5.964735516372795532e-01
7.606060606060606188e-01
8.301265822784810178e-01
8.434010152284263651e-01
8.536895674300254422e-01
8.581632653061224136e-01
8.613810741687979444e-01
8.628205128205128638e-01
8.627249357326478574e-01
8.590206185567009767e-01
8.622739018087854923e-01
8.683937823834196879e-01
8.693506493506493182e-01
8.713541666666666519e-01
8.697127937336814885e-01
8.709424083769633507e-01
8.729658792650918375e-01
8.736842105263158409e-01
8.751978891820580975e-01
8.767195767195766765e-01
8.782493368700264869e-01
8.808510638297872841e-01
8.813333333333333020e-01
8.807486631016042677e-01
8.836461126005361599e-01
8.838709677419355204e-01
8.849056603773585161e-01
8.894594594594594783e-01
8.983739837398373451e-01
9.013586956521738580e-01
9.065395095367847489e-01
8.928961748633880147e-01
9.005479452054794276e-01
9.010989010989011172e-01
9.027548209366391685e-01
9.118784530386739862e-01
8.950138504155125130e-01
9.044444444444444953e-01
