7.863866534649763818e-01
8.852829887957719412e-01
8.846315822768504589e-01
8.932577096938274508e-01
9.003881856540084661e-01
9.070423702475916006e-01
9.121201795435607274e-01
9.167469272683268500e-01
9.130822638333684349e-01
9.127994827188768978e-01
9.143245092503403670e-01
9.160911948064505150e-01
9.236000310353983389e-01
9.274750541421256100e-01
9.319667417193391312e-01
9.323967505108174958e-01
9.303556258890099961e-01
9.339932256372045494e-01
9.320722081823271665e-01
9.347310726933443226e-01
9.368829041943407265e-01
9.396938918813495523e-01
9.392358281725337044e-01
9.406034743666472631e-01
9.385884237016700604e-01
9.417143139722399248e-01
9.431412189380309341e-01
9.451740568867147418e-01
9.449759947685514305e-01
9.429249662142310529e-01
9.440280618838384763e-01
9.423844112272997675e-01
9.404732041321445246e-01
9.477122652273443082e-01
9.477828056484443042e-01
9.476914137671527127e-01
9.448164134011394211e-01
9.412876834443330010e-01
9.508982642159833354e-01
