1.087587738487854949e+00
1.533890052820424899e+00
1.959078252488325234e+00
2.494502298852239619e+00
3.018522106058298959e+00
3.515186621627435670e+00
4.128398723711143248e+00
4.592898127348234993e+00
5.144246284009568626e+00
5.677073189925067709e+00
6.216753672795675811e+00
6.776684837670472916e+00
7.573573315439716680e+00
7.891352458858818864e+00
8.545603913202285185e+00
9.144400239316382795e+00
9.686944290844621719e+00
1.035868763366852363e+01
1.089263285380548041e+01
1.156960297920522862e+01
1.231250531894329470e+01
1.295973213487559406e+01
1.356340285698206571e+01
1.442267872820957564e+01
1.487882263536448590e+01
1.563017070649584639e+01
1.631915875400591176e+01
1.700224261559924344e+01
1.773035968663316453e+01
1.838214913906995207e+01
1.915695871560092201e+01
1.997237443127414735e+01
2.053764228570616979e+01
2.125976365294991410e+01
2.205155364422898856e+01
2.281147788111411501e+01
2.353684642231382895e+01
2.431725270180868392e+01
2.535121395895475871e+01
