4.997487437185929582e-01
5.969849246231155870e-01
7.610552763819095068e-01
8.306532663316582576e-01
8.442211055276381826e-01
8.545226130653266194e-01
8.590452261306532611e-01
8.625628140703517355e-01
8.640703517587939864e-01
8.640703517587939864e-01
8.608040201005024983e-01
8.640703517587939864e-01
8.703517587939698652e-01
8.716080402010050188e-01
8.738693467336683396e-01
8.726130653266331860e-01
8.741206030150753259e-01
8.758793969849246741e-01
8.768844221105527303e-01
8.786432160804019675e-01
8.798994974874372321e-01
8.816582914572864693e-01
8.844221105527638738e-01
8.849246231155778464e-01
8.844221105527638738e-01
8.871859296482411672e-01
8.874371859296482645e-01
8.884422110552764318e-01
8.929648241206029624e-01
9.015075376884421621e-01
9.045226130653266639e-01
9.092964824120602918e-01
8.967336683417085341e-01
9.037688442211054829e-01
9.037688442211054829e-01
9.055276381909547201e-01
9.138190954773869334e-01
8.987437185929648686e-01
9.075376884422110546e-01
