0.000000000000000000e+00
5.870020964360587179e-01
7.927417068330024907e-01
7.922152261018888808e-01
7.967017344327550488e-01
8.002286367533579803e-01
8.011461318051574798e-01
8.036634230108757881e-01
8.039046798736722010e-01
8.042663591813201673e-01
8.046376811594201373e-01
8.055636047522456433e-01
8.057092921642877714e-01
8.073662671733411456e-01
8.061375036884036449e-01
8.004764740917214016e-01
8.070279928528886204e-01
8.085995819647655569e-01
8.110047846889951728e-01
8.116376724655069985e-01
8.235642391947899377e-01
8.683770217512547518e-01
8.537640611479664354e-01
8.537815126050418701e-01
8.510638297872339386e-01
8.735759933314810599e-01
8.819748007199794682e-01
8.692640692640692945e-01
8.924497555676262905e-01
8.773346794548207983e-01
8.999725952315702493e-01
8.904285347703362330e-01
9.029258955427947875e-01
8.861343326607091786e-01
9.007633587786259000e-01
9.019050326983224508e-01
9.039070749736008992e-01
8.956948858711354378e-01
9.009198423127464661e-01
