8.766207612486456302e-01
8.681321219255121457e-01
8.654031233427823544e-01
8.725570274749164801e-01
8.942750994888730709e-01
9.061607137307390314e-01
9.082478987571638296e-01
9.123525854921072931e-01
9.142353182197482386e-01
9.200967703733780034e-01
9.210898098295771108e-01
9.238286649083563562e-01
9.189688036941581206e-01
9.272360549490168413e-01
9.290233078727445637e-01
9.288490448678810019e-01
9.290960381511170763e-01
9.297245118636370265e-01
9.309462759733352355e-01
9.328528415128890527e-01
9.311265312338673494e-01
9.309318885448917280e-01
9.331999688753386257e-01
9.292750819648813998e-01
9.357163591125855495e-01
9.352022958675360043e-01
9.344164289643812626e-01
9.392533672644033382e-01
9.382931533269044388e-01
9.372911917323750730e-01
9.409412452119332304e-01
9.404410856176100841e-01
9.432651075588488476e-01
9.456365601729520565e-01
9.460048289444406011e-01
9.469185625190315037e-01
9.444505670462036706e-01
9.479043656861080303e-01
9.457118152932993960e-01
