4.997487437185929582e-01
7.022670025188917364e-01
8.154040404040403534e-01
8.162025316455696622e-01
8.185279187817259272e-01
8.221374045801527197e-01
8.229591836734694299e-01
8.245524296675191822e-01
8.248717948717948500e-01
8.254498714652955815e-01
8.262886597938143840e-01
8.266149870801033916e-01
8.272020725388601337e-01
8.288311688311688075e-01
8.289062499999999556e-01
8.250652741514360455e-01
8.303664921465968574e-01
8.317585301837270295e-01
8.336842105263158054e-01
8.343007915567282051e-01
8.423280423280423701e-01
8.748010610079575144e-01
8.651595744680851130e-01
8.376000000000000112e-01
8.633689839572192826e-01
8.780160857908847483e-01
8.766129032258064280e-01
8.778975741239891661e-01
8.929729729729729559e-01
8.682926829268292623e-01
9.008152173913043237e-01
8.836512261580381500e-01
9.030054644808742648e-01
8.917808219178081641e-01
9.035714285714285809e-01
9.049586776859503967e-01
8.994475138121547086e-01
9.000000000000000222e-01
8.952777777777777279e-01
