3.258169787896576963e+00
1.502439550091366982e+00
1.965285217168911913e+00
2.450148203362914501e+00
2.965909591458057548e+00
3.472946417994535295e+00
4.016755896594986552e+00
4.562242632704055723e+00
5.105367437854511081e+00
5.643988195049587375e+00
6.230380427833324575e+00
6.741639478587558187e+00
7.294023839978990509e+00
7.868019249544886407e+00
8.508576807232202555e+00
9.041996868720161729e+00
9.656307185307923646e+00
1.028735244346307809e+01
1.086564748255273116e+01
1.145981445819916189e+01
1.214408719686298355e+01
1.280347819244479979e+01
1.344358243729197966e+01
1.413203976665499795e+01
1.471608075982067021e+01
1.546211780061139507e+01
1.613846654529834268e+01
1.679370117532062068e+01
1.750085680403344668e+01
1.834605474565114491e+01
1.893112167985736960e+01
1.975583372998198683e+01
2.044399683365281817e+01
2.112245476600719485e+01
2.185518750259279841e+01
2.266477130581006350e+01
2.339261596148708122e+01
2.461987195195206368e+01
2.494663053848853451e+01
