4.997487437185929582e-01
7.030150753768844574e-01
8.163316582914572628e-01
8.173366834170854300e-01
8.198492462311557372e-01
8.238693467336682952e-01
8.251256281407035598e-01
8.268844221105527970e-01
8.273869346733668806e-01
8.283919597989949368e-01
8.288944723618090205e-01
8.296482412060302014e-01
8.306532663316582576e-01
8.321608040201005085e-01
8.324120603015074948e-01
8.291457286432161178e-01
8.346733668341708157e-01
8.361809045226130666e-01
8.384422110552763874e-01
8.394472361809045546e-01
8.472361809045225733e-01
8.781407035175879949e-01
8.690954773869347116e-01
8.432160804020100153e-01
8.678391959798994471e-01
8.816582914572864693e-01
8.798994974874372321e-01
8.814070351758793720e-01
8.957286432160803669e-01
8.731155778894472697e-01
9.032663316582915103e-01
8.876884422110552508e-01
9.057788944723618174e-01
8.952261306532662832e-01
9.060301507537688037e-01
9.072864321608040683e-01
9.025125628140703293e-01
9.030150753768844130e-01
8.989949748743718549e-01
