0.000000000000000000e+00
5.014749262536873087e-02
6.650935445811562152e-01
1.577964519140989674e-01
6.954827280779450893e-01
6.156546156546156556e-01
8.200175592625109644e-01
5.789855072463768737e-01
8.243858052775249190e-01
7.249274427603997761e-01
7.828947368421053099e-01
7.991596638655461549e-01
8.546835443037974489e-01
8.657966018222112980e-01
8.667029379760609054e-01
8.720173535791757580e-01
7.961526528079428955e-01
8.772961058045555260e-01
8.204815604998476619e-01
8.744710860366713412e-01
8.268292682926828840e-01
8.867313915857605311e-01
8.874616029042167176e-01
8.734361361652605016e-01
8.417528910529519237e-01
9.099844800827728841e-01
9.111049570756022398e-01
8.681318681318681563e-01
8.977239988475943511e-01
9.014409221902016656e-01
9.159073158031763029e-01
8.041504539559014564e-01
9.052876234747239126e-01
8.898854010961634309e-01
8.995271867612292249e-01
8.985074626865671155e-01
9.215955983493809844e-01
9.166666666666666297e-01
9.249165739710789591e-01
