8.848109803537343998e-01
8.920537705879949542e-01
8.920993298814315908e-01
9.042196101595104674e-01
9.168878166154793563e-01
9.266237286081268065e-01
9.262638970561629659e-01
9.146063229457960242e-01
9.181169650192667619e-01
9.166740681998413187e-01
9.233816680044988345e-01
9.422602076586652498e-01
9.392378617474701485e-01
9.497031623551738244e-01
9.524470133202184163e-01
9.566675692722518276e-01
9.538880094296305900e-01
9.605719102519977293e-01
9.626789659208165872e-01
9.647140498850451662e-01
9.629175177152480281e-01
9.667140897097624697e-01
9.680135108829495127e-01
9.699319681837407225e-01
9.709108462621639513e-01
9.716218951474711041e-01
9.743497615262320943e-01
9.744615874654447563e-01
9.758702835625913119e-01
9.762211129207766236e-01
9.763419002155973025e-01
9.771382004395952059e-01
9.772796225513618040e-01
9.775877537490361702e-01
9.783892696876164141e-01
9.790232611087921200e-01
9.796037979134920581e-01
9.792526726112256164e-01
9.791322448609203200e-01
