4.992462311557788746e-01
5.133501259445844012e-01
4.982323232323232487e-01
5.432911392405063156e-01
5.637055837563451632e-01
7.213740458015267532e-01
7.908163265306122902e-01
7.028132992327366102e-01
8.020512820512820662e-01
7.807197943444730281e-01
8.128865979381443285e-01
7.529715762273901936e-01
8.512953367875647492e-01
8.584415584415584499e-01
8.723958333333333703e-01
8.613577023498694141e-01
8.280104712041884696e-01
8.685039370078739829e-01
8.449999999999999734e-01
8.825857519788917749e-01
8.497354497354497882e-01
8.793103448275861878e-01
8.928191489361702038e-01
8.840000000000000080e-01
8.609625668449197855e-01
9.067024128686327344e-01
9.137096774193548265e-01
8.512129380053908845e-01
9.040540540540540349e-01
9.073170731707317360e-01
9.122282608695652106e-01
8.354223433242506935e-01
9.109289617486339141e-01
8.789041095890410826e-01
9.065934065934065922e-01
9.063360881542700254e-01
9.212707182320442056e-01
9.130193905817174382e-01
9.250000000000000444e-01
