2.310577560035187439e+00
2.400883191772614111e+00
3.089553387728114942e+00
4.053244250080293654e+00
4.865525371236053331e+00
5.806273005131423304e+00
6.512224285892060038e+00
7.364956377117593433e+00
8.914498637279393733e+00
9.037620753552630504e+00
1.063688210895176667e+01
1.094720008279389845e+01
1.201218387255556763e+01
1.273424703111658118e+01
1.364704061048513495e+01
1.505499592231575434e+01
1.583441266164800254e+01
1.667673350761674556e+01
1.763697833118152403e+01
1.868113364326870851e+01
1.972435709651779234e+01
2.085054549451160710e+01
2.208367784455356286e+01
2.307530693822138801e+01
2.418152216724956816e+01
2.533415029570164734e+01
2.668174518899547820e+01
2.763301140939051947e+01
2.878025579717564142e+01
3.361331792637224680e+01
3.180316737920998094e+01
3.377860847260262744e+01
3.488614258765960585e+01
3.519841708017293058e+01
3.629040681475771635e+01
3.764470818363656690e+01
3.891564432329482770e+01
4.026716978775948519e+01
4.153539032226740346e+01
