4.992462311557788746e-01
5.145728643216080922e-01
5.007537688442210699e-01
5.467336683417085563e-01
5.680904522613065000e-01
7.248743718592964846e-01
7.934673366834170682e-01
7.075376884422110990e-01
8.055276381909547423e-01
7.849246231155778686e-01
8.168341708542713464e-01
7.590452261306532833e-01
8.550251256281407031e-01
8.623115577889447492e-01
8.761306532663316604e-01
8.658291457286432236e-01
8.341708542713567320e-01
8.733668341708542560e-01
8.512562814070351314e-01
8.871859296482411672e-01
8.557788944723617730e-01
8.839195979899497901e-01
8.969849246231156314e-01
8.886934673366834181e-01
8.670854271356783771e-01
9.103015075376884591e-01
9.170854271356784215e-01
8.585427135678391775e-01
9.080402010050251382e-01
9.113065326633166263e-01
9.160804020100502543e-01
8.454773869346733361e-01
9.150753768844220870e-01
8.856783919597990273e-01
9.113065326633166263e-01
9.108040201005025427e-01
9.243718592964823566e-01
9.168341708542713242e-01
9.273869346733668584e-01
