6.659963130551366239e-01
6.655462184873949250e-01
6.653185035389281854e-01
6.648639513266858536e-01
6.651982378854625066e-01
6.651944963478851891e-01
6.651907356948228989e-01
6.656420765027322162e-01
6.667809393212204006e-01
6.664374140302613547e-01
6.671270718232045205e-01
6.673600277344426956e-01
6.726221755123488188e-01
6.794394181302111368e-01
6.889209671598700568e-01
6.852819311835706140e-01
6.878287683656810758e-01
7.251439539347408481e-01
7.951858108108107448e-01
8.119584055459272420e-01
7.882873393722351629e-01
8.315765866786274385e-01
8.692951015531660275e-01
8.767922235722965807e-01
8.804878048780486743e-01
9.003164556962025555e-01
8.978634705575820885e-01
8.997089177030961338e-01
8.990825688073393884e-01
8.991999999999999993e-01
8.982826948480846507e-01
8.990923651895356139e-01
8.958721704394141394e-01
8.998657718120804949e-01
8.996385877119822405e-01
8.935810810810811411e-01
8.904109589041095951e-01
8.915040183696899545e-01
8.973034997131382751e-01
