4.992462311557788746e-01
4.987405541561713007e-01
4.984848484848484751e-01
4.979746835443037978e-01
4.984771573604060979e-01
4.984732824427480780e-01
4.984693877551020225e-01
4.992327365728900235e-01
5.015384615384614886e-01
5.012853470437017567e-01
5.030927835051546282e-01
5.041343669250646364e-01
5.158031088082901672e-01
5.306493506493507040e-01
5.510416666666666519e-01
5.438642297650130297e-01
5.494764397905759212e-01
6.241469816272965376e-01
7.447368421052631415e-01
7.709762532981530025e-01
7.341269841269840724e-01
8.007957559681697646e-01
8.545212765957447276e-01
8.648000000000000131e-01
8.689839572192513684e-01
8.986595174262734798e-01
8.946236559139785216e-01
8.978436657681940769e-01
8.959459459459458985e-01
8.975609756097561176e-01
8.953804347826086474e-01
8.970027247956403604e-01
8.931693989071037842e-01
8.978082191780821786e-01
9.008241758241758435e-01
8.958677685950413583e-01
8.939226519337016841e-01
8.952908587257617512e-01
9.005555555555555536e-01
