8.435845287393648473e-01
8.711773514034820698e-01
8.737733281909536576e-01
8.868708885721823254e-01
8.978749763904875225e-01
9.320955584516220638e-01
9.323478980234806146e-01
9.406916137121272836e-01
9.453327109316957966e-01
9.498035409159349962e-01
9.496901318334671771e-01
9.511282342336326856e-01
9.533056808419242412e-01
9.543108920039811149e-01
9.568570110951359897e-01
9.577642271877823132e-01
9.572014931203469690e-01
9.606213961434859616e-01
9.616834134313735349e-01
9.619221706946972095e-01
9.630246986334466408e-01
9.634710290237467056e-01
9.633470049253949341e-01
9.639148748313219883e-01
9.663600193431174379e-01
9.645463170605484970e-01
9.657322583190708354e-01
9.648944001399609727e-01
9.657430458158018372e-01
9.645965338622946028e-01
9.658794046441725456e-01
9.655049005049005650e-01
9.646209884370466892e-01
9.662336079061599747e-01
9.643638151016072912e-01
9.632937616274268589e-01
9.625923750586120597e-01
9.633739504981373436e-01
9.667152713300803946e-01
