1.578099374126395560e+00
2.343171530170366168e+00
3.194074843853741186e+00
4.072119264348657453e+00
4.901218174469249789e+00
5.766410715317761060e+00
6.648498183536503348e+00
7.574867587407425162e+00
8.419503193512355210e+00
9.348307663358355057e+00
1.026182390461690375e+01
1.162882521110259404e+01
1.288651839877456950e+01
1.357770037227237481e+01
1.470091282900102669e+01
1.595595968926500063e+01
1.659067498882723157e+01
1.768112738337367773e+01
1.909465624044423748e+01
1.979304761721505201e+01
2.072416783737025980e+01
2.141074995669987402e+01
2.239421682521970070e+01
2.353390510769349930e+01
2.464855249568608997e+01
2.569392324025466223e+01
2.686598669566046738e+01
2.792818693643130246e+01
2.904340909236634616e+01
3.026929417726751126e+01
3.139716807044169400e+01
3.286311071766795067e+01
3.544017345675456454e+01
3.499588681690147496e+01
3.629986379197180213e+01
3.753547502817127679e+01
3.882458287627741811e+01
4.006890543912595604e+01
4.142058173871555482e+01
