4.992462311557788746e-01
5.000000000000000000e-01
5.010050251256281673e-01
5.012562814070351536e-01
5.027638190954774045e-01
5.040201005025125580e-01
5.052763819095477116e-01
5.072864321608040461e-01
5.108040201005025205e-01
5.118090452261306877e-01
5.148241206030150785e-01
5.170854271356783993e-01
5.293969849246231707e-01
5.449748743718593191e-01
5.658291457286431791e-01
5.600502512562813839e-01
5.665829145728643601e-01
6.391959798994975017e-01
7.552763819095477116e-01
7.809045226130653106e-01
7.464824120603015256e-01
8.103015075376884813e-01
8.615577889447235682e-01
8.713567839195980325e-01
8.756281407035175768e-01
9.035175879396984966e-01
9.000000000000000222e-01
9.032663316582915103e-01
9.017587939698492594e-01
9.032663316582915103e-01
9.012562814070351758e-01
9.027638190954774267e-01
8.992462311557788412e-01
9.037688442211054829e-01
9.067839195979899847e-01
9.025125628140703293e-01
9.010050251256281895e-01
9.025125628140703293e-01
9.075376884422110546e-01
