6.659963130551366239e-01
6.731029810298102545e-01
6.841288988454247155e-01
7.054388799138395783e-01
7.445021991203518708e-01
7.326037580012388917e-01
7.415730337078652035e-01
7.477378062237916012e-01
7.540351722476511531e-01
5.426739023186975819e-02
6.675249436755713583e-01
7.531342603145658732e-01
7.813884785819793510e-01
8.153463980126965938e-01
8.203542310936181581e-01
7.963755348603070994e-01
8.118466898954703748e-01
8.234064785788922647e-01
7.956403269754769303e-01
8.113446442137249859e-01
8.379856115107914283e-01
8.501094091903719230e-01
8.407974573822595277e-01
8.402741170268844817e-01
8.609492089925062652e-01
8.610713262675451229e-01
8.678828081813156903e-01
8.543223052294557363e-01
8.693978553753093363e-01
8.733793103448275197e-01
8.830576155162578322e-01
8.790322580645161255e-01
8.715380082498527248e-01
8.867659454903061844e-01
8.818760856977417850e-01
8.868306801736614009e-01
8.843537414965986221e-01
8.889507375452267990e-01
8.945123684958771193e-01
