8.284024281260203848e-01
8.397932501755612789e-01
8.530328024199873571e-01
8.498955519594391106e-01
8.358063996598530387e-01
7.968544418544418750e-01
8.042470783146017377e-01
8.248174093797884243e-01
8.382076033720404773e-01
8.559590878578364759e-01
8.541626861899803691e-01
8.559921302767197204e-01
8.675440998791784653e-01
8.776103257608820485e-01
8.834630946118298134e-01
8.811828021503311792e-01
8.904319752248374131e-01
8.930195359512266284e-01
9.042757037051813995e-01
8.989545990290159772e-01
9.083014720808630926e-01
9.080464526095111122e-01
9.153253956462987784e-01
9.102684240711155228e-01
9.226506569239935063e-01
9.280928006247898265e-01
9.262468200740054947e-01
9.241087789959080423e-01
9.264771887828096020e-01
9.303583679165596809e-01
9.378180836343570359e-01
9.396576689445371722e-01
9.405053979980115830e-01
9.367518611137134465e-01
9.415172365482697980e-01
9.433570393084027561e-01
9.385144161261331774e-01
9.404195767273727524e-01
9.438401955327870851e-01
