4.992462311557788746e-01
5.138539042821158587e-01
5.371212121212121104e-01
5.845569620253164844e-01
6.756345177664974111e-01
6.704834605597964625e-01
6.948979591836734748e-01
7.076726342710997208e-01
7.382051282051281804e-01
5.071979434447301260e-01
7.337628865979380910e-01
7.201550387596898917e-01
7.699481865284973914e-01
8.262337662337662092e-01
8.335937500000000222e-01
7.887728459530025660e-01
8.303664921465968574e-01
8.225721784776902634e-01
8.223684210526315264e-01
8.034300791556727717e-01
8.510582010582010692e-01
8.546419098143236415e-01
8.534574468085106558e-01
8.384000000000000341e-01
8.660427807486631435e-01
8.699731903485254936e-01
8.715053763440859802e-01
8.528301886792453157e-01
8.716216216216216006e-01
8.756097560975609762e-01
8.885869565217391353e-01
8.855585831062670055e-01
8.808743169398907114e-01
8.895890410958904315e-01
8.879120879120878662e-01
8.922865013774105014e-01
8.872928176795580324e-01
8.894736842105263053e-01
8.969444444444444331e-01
