1.068771922622545389e+00
1.429327154586644610e+00
1.812878206657842384e+00
2.262157566612586379e+00
2.832879164601763478e+00
3.586460126807651250e+00
4.068973775390986702e+00
4.614673327809214243e+00
5.172630731742174248e+00
5.742266943445429206e+00
6.406880870088571100e+00
7.161792264420000720e+00
7.384440572750463616e+00
7.971136337004281813e+00
8.497555101101170294e+00
9.114215737845370313e+00
9.685568125736608636e+00
1.028519401386802201e+01
1.092206216552222031e+01
1.227628640512921265e+01
1.223120609595207497e+01
1.349605317965142603e+01
1.356561455187511456e+01
1.425526036013616249e+01
1.486446142516615510e+01
1.554705992033632356e+01
1.619092748781258706e+01
1.690306662253351533e+01
1.757483563111964031e+01
1.832998950536602933e+01
1.905951534807900316e+01
1.993817788531850965e+01
2.045999466287503310e+01
2.144318999220922706e+01
2.205744208065698331e+01
2.310983484851203684e+01
2.362062798449187540e+01
2.434899317378403794e+01
2.516234222768616746e+01
