4.992462311557788746e-01
5.150753768844220648e-01
5.394472361809045102e-01
5.876884422110553174e-01
6.788944723618089983e-01
6.741206030150753703e-01
6.989949748743718994e-01
7.123115577889447270e-01
7.427135678391959539e-01
5.175879396984924830e-01
7.396984924623115631e-01
7.271356783919598055e-01
7.761306532663316826e-01
8.311557788944723413e-01
8.384422110552763874e-01
7.957286432160803891e-01
8.356783919597989829e-01
8.286432160804020342e-01
8.286432160804020342e-01
8.110552763819095512e-01
8.567839195979899403e-01
8.605527638190955120e-01
8.597989949748743310e-01
8.459798994974874198e-01
8.723618090452260887e-01
8.763819095477386467e-01
8.776381909547739113e-01
8.605527638190955120e-01
8.781407035175879949e-01
8.816582914572864693e-01
8.939698492462311297e-01
8.912060301507537252e-01
8.871859296482411672e-01
8.954773869346733806e-01
8.939698492462311297e-01
8.974874371859296041e-01
8.932160804020100597e-01
8.947236180904523106e-01
9.017587939698492594e-01
