6.664432903333891156e-01
7.678521422570707688e-01
7.903702021349080509e-01
1.700850425212606029e-02
4.579510703363914303e-01
8.342245989304813980e-01
8.250276854928016990e-01
8.168284789644012500e-01
5.209580838323353280e-01
8.615840118430792005e-01
8.548233046800381985e-01
8.006024096385542244e-01
8.535499083049515878e-01
8.059520194351654787e-01
8.532892925956510055e-01
8.597634564325368212e-01
8.780487804878048808e-01
8.752214629207794028e-01
8.909139640846958086e-01
8.835386338185889921e-01
8.936633124830024588e-01
8.607446496628553545e-01
8.969239071775499950e-01
9.053238919485968594e-01
9.048522634860395319e-01
9.069643806485911952e-01
9.077280951150168420e-01
9.063376332024677406e-01
9.078984887368121148e-01
9.050759965586463451e-01
9.107848673066064604e-01
9.190082644628099207e-01
9.203154745716617402e-01
9.160913436006373756e-01
9.199337382661513240e-01
9.213226909920182450e-01
9.252124645892351174e-01
9.310246948623331908e-01
9.317337903456154313e-01
