4.997487437185929582e-01
7.911838790931989829e-01
7.669191919191918894e-01
5.025316455696202667e-01
6.401015228426395476e-01
8.185750636132315128e-01
8.387755102040815869e-01
7.828644501278771983e-01
6.717948717948717396e-01
8.557840616966581049e-01
8.432989690721649501e-01
8.289405684754521664e-01
8.551813471502590636e-01
8.340259740259740040e-01
8.611979166666666741e-01
8.483028720626631936e-01
8.821989528795811664e-01
8.706036745406824373e-01
8.928947368421052966e-01
8.902374670184696193e-01
8.965608465608465583e-01
8.740053050397877943e-01
8.984042553191489144e-01
9.037333333333333885e-01
9.061497326203208358e-01
9.061662198391421397e-01
9.040322580645161477e-01
9.099730458221024776e-01
9.127027027027027062e-01
9.102981029810297553e-01
9.141304347826086918e-01
9.198910081743869593e-01
9.199453551912568638e-01
9.134246575342466201e-01
9.203296703296702796e-01
9.239669421487602952e-01
9.270718232044199425e-01
9.326869806094182369e-01
9.336111111111110583e-01
