8.689831996624326482e-01
8.765052818264210677e-01
8.768003338448479012e-01
8.959917714717006154e-01
8.958855067045170539e-01
9.210499054185925516e-01
9.269082433446931280e-01
9.338897573930049489e-01
9.385589648847132427e-01
9.389876987299049516e-01
9.400509990570194985e-01
9.416525626641034652e-01
9.363279551128890210e-01
9.411228794348902582e-01
9.426575907816814315e-01
9.506503698577205563e-01
9.513543903276746594e-01
9.535098142089993845e-01
9.561889196675901204e-01
9.597017452403548976e-01
9.616748821980147799e-01
9.616607448163287941e-01
9.634671840977099277e-01
9.692240300375468687e-01
9.691073538613234062e-01
9.693088379046633785e-01
9.717935554884951088e-01
9.731599620577178200e-01
9.750413148766280402e-01
9.740121668053265402e-01
9.757788226634580564e-01
9.760248871465905252e-01
9.751724763979665589e-01
9.758677291903676831e-01
9.729855466244008433e-01
9.774346436428289486e-01
9.782956010627386068e-01
9.807906691221608408e-01
9.815782529186181105e-01
