1.082718651211962424e+00
1.519415943645526568e+00
1.989240211843025463e+00
2.434402070532314610e+00
2.955601333597996927e+00
3.507232065879406946e+00
4.035126688379932602e+00
4.561441127365924331e+00
5.083851508080897474e+00
5.637677818756401393e+00
6.183500147113136336e+00
6.739481409002110013e+00
7.302757174332327850e+00
7.880858439505573187e+00
8.457539463960529247e+00
8.992007564353571070e+00
9.666834022142211325e+00
1.025364489962112202e+01
1.084650067398342799e+01
1.162063022593838468e+01
1.211785260971919342e+01
1.276730333023124331e+01
1.344316556730927914e+01
1.418414248422823221e+01
1.471703895419659602e+01
1.536599402310002915e+01
1.603713196050557599e+01
1.683514174181982526e+01
1.748798803935778778e+01
1.836328696987948206e+01
1.977874565502997939e+01
2.047683267075399272e+01
2.048525532686471706e+01
2.192089203604655268e+01
2.391923316409611289e+01
2.474888382165772782e+01
2.461075953156432661e+01
2.589699940470472939e+01
2.615632612250738021e+01
