4.997487437185929582e-01
7.917085427135678311e-01
7.678391959798994693e-01
5.060301507537688925e-01
6.434673366834170460e-01
8.206030150753769181e-01
8.409547738693466945e-01
7.864321608040201195e-01
6.781407035175879283e-01
8.587939698492462748e-01
8.469849246231155870e-01
8.334170854271356621e-01
8.590452261306532611e-01
8.389447236180904710e-01
8.655778894472361262e-01
8.535175879396984522e-01
8.864321608040200973e-01
8.756281407035175768e-01
8.969849246231156314e-01
8.947236180904523106e-01
9.005025125628141058e-01
8.793969849246231485e-01
9.025125628140703293e-01
9.077889447236180409e-01
9.103015075376884591e-01
9.100502512562813617e-01
9.082914572864321245e-01
9.140703517587939197e-01
9.168341708542713242e-01
9.140703517587939197e-01
9.175879396984925052e-01
9.228643216080402167e-01
9.231155778894472030e-01
9.173366834170854078e-01
9.238693467336683840e-01
9.271356783919597611e-01
9.298994974874371655e-01
9.349246231155778908e-01
9.359296482412060580e-01
