0.000000000000000000e+00
1.005530417295123291e-03
1.007556675062972265e-03
1.010611419909044836e-03
1.108870967741935540e-02
9.390125847047435526e-02
3.788691704498555746e-01
7.088699437692727034e-01
6.199158485273492669e-01
4.885791715060007756e-01
5.214421252371915783e-01
7.333981211532231148e-01
7.298177083333333703e-01
7.239908106334098647e-01
8.009753124047547246e-01
8.261904761904761418e-01
8.381008552049542537e-01
8.352558414670216980e-01
8.183741311574492805e-01
7.981481481481480511e-01
7.878598247809762700e-01
8.403560830860533626e-01
8.471281296023562835e-01
8.485562757807896261e-01
8.763532763532764225e-01
8.552903035661655329e-01
8.660454280722189591e-01
8.539259259259257551e-01
8.600944510035418711e-01
8.865920183749641525e-01
8.870967741935483764e-01
8.825746593215424429e-01
8.883116883116881635e-01
8.709581726490656095e-01
8.597285067873303710e-01
8.639373871161950547e-01
8.757745647683682355e-01
8.670485378353933736e-01
8.763376932223542193e-01
