8.848109803537343998e-01
8.915214292820494713e-01
9.155970435549170006e-01
9.162266726246923731e-01
9.298395651926324446e-01
9.375593077413955090e-01
9.385788336134688326e-01
9.451175607479179730e-01
9.451246564423162466e-01
9.477688263496067966e-01
9.480307951880858619e-01
9.496858621404322687e-01
9.525485894325835812e-01
9.515665479274610927e-01
9.572475357965963827e-01
9.607832550585472253e-01
9.618100898992456571e-01
9.621012237776208620e-01
9.597422038435626801e-01
9.599760512392091494e-01
9.614217438433353413e-01
9.628766560030666000e-01
9.612286812636179345e-01
9.604903372690060115e-01
9.618619348565872196e-01
9.617919071156019184e-01
9.628407478792321283e-01
9.630478323843889576e-01
9.647543266001283868e-01
9.657981259826604603e-01
9.662473317129405270e-01
9.670127396309525780e-01
9.675889042439211885e-01
9.674194493685175367e-01
9.686647127586091033e-01
9.686876263789172548e-01
9.691180021312244541e-01
9.697812485420252981e-01
9.698956531615783305e-01
