4.992462311557788746e-01
4.994962216624684870e-01
4.992424242424242653e-01
4.994936708860759356e-01
5.020304568527919065e-01
5.236641221374045418e-01
6.160714285714286031e-01
5.895140664961636690e-01
7.220512820512821062e-01
6.604113110539845399e-01
6.750000000000000444e-01
7.873385012919896786e-01
7.849740932642487179e-01
7.815584415584415634e-01
8.299479166666666741e-01
8.475195822454307804e-01
8.562827225130890119e-01
8.538057742782152459e-01
8.418421052631579471e-01
8.274406332453826396e-01
8.206349206349206060e-01
8.572944297082227827e-01
8.619680851063830085e-01
8.629333333333333300e-01
8.839572192513368565e-01
8.683646112600535982e-01
8.763440860215053752e-01
8.671159029649595507e-01
8.718918918918918681e-01
8.929539295392954212e-01
8.934782608695651662e-01
8.896457765667574735e-01
8.942622950819671956e-01
8.808219178082191680e-01
8.722527472527472625e-01
8.754820936639118312e-01
8.837016574585635498e-01
8.778393351800554134e-01
8.844444444444444775e-01
