1.613989013550053642e+00
2.421588437926402548e+00
3.203226654863101430e+00
4.042972884552909818e+00
5.016118734056362882e+00
6.000738559701858321e+00
7.096605063004062686e+00
8.308770556827766995e+00
8.415174472434046038e+00
1.016822525429415691e+01
1.017063295036859927e+01
1.117460543506331305e+01
1.434897694299525028e+01
1.302900568139284587e+01
1.396196738277467375e+01
1.529046436887801974e+01
1.599868923828216793e+01
1.700124233696169540e+01
1.807163558685988392e+01
1.900109522373804793e+01
2.015916367842964974e+01
2.117819773471273948e+01
2.226794963082647882e+01
2.333991365651218075e+01
2.454115513816486782e+01
2.552139577947491489e+01
2.720800484105075157e+01
2.780641952500445768e+01
2.894326433124388132e+01
3.007341933469797368e+01
3.170443670389431645e+01
3.233746789916767739e+01
3.384960751988000993e+01
3.468566479995388363e+01
3.616118391932741361e+01
3.713905578114281525e+01
3.831554375228461140e+01
3.967420194283567980e+01
4.097811263142375537e+01
