4.992462311557788746e-01
5.005025125628140836e-01
5.015075376884422509e-01
5.030150753768843908e-01
5.067839195979899625e-01
5.293969849246231707e-01
6.213567839195980325e-01
5.962311557788945171e-01
7.271356783919598055e-01
6.675879396984925052e-01
6.826633165829145700e-01
7.924623115577889010e-01
7.907035175879396638e-01
7.879396984924622593e-01
8.351758793969848993e-01
8.525125628140703959e-01
8.613065326633165819e-01
8.592964824120602474e-01
8.482412060301507406e-01
8.346733668341708157e-01
8.286432160804020342e-01
8.635678391959799027e-01
8.683417085427135307e-01
8.695979899497487953e-01
8.896984924623115853e-01
8.753768844221105905e-01
8.826633165829145256e-01
8.743718592964824232e-01
8.791457286432160512e-01
8.989949748743718549e-01
8.997487437185929249e-01
8.964824120603015478e-01
9.010050251256281895e-01
8.881909547738693345e-01
8.804020100502512047e-01
8.836683417085426928e-01
8.912060301507537252e-01
8.859296482412060136e-01
8.922110552763818925e-01
