0.000000000000000000e+00
6.657704587464291501e-01
7.949587978671836253e-02
6.765109890109889390e-01
4.093473005640612117e-01
7.063706912109728453e-01
6.659919028340081093e-01
7.803126320236586366e-01
8.518426910709868682e-01
7.978165022044928500e-01
6.611853374443301679e-01
8.540462427745664220e-01
8.834745762711864181e-01
8.575490474836509058e-01
7.878913539290899326e-01
8.592078635443770596e-01
8.538038496791934273e-01
8.409158489443948614e-01
8.895377128953770862e-01
8.588200763134722360e-01
9.108962633916907192e-01
9.041301627033793142e-01
9.025811823480432983e-01
9.191759112519810593e-01
8.723216906369238854e-01
9.214323890967397457e-01
9.142224681793027496e-01
9.133453329904859253e-01
9.148514851485148869e-01
9.221902017291065956e-01
9.279013669257569763e-01
8.987712112346402105e-01
9.310058187863674561e-01
9.047897196261681652e-01
9.317113630080177122e-01
9.306342780026990447e-01
9.299674267100977998e-01
9.325014180374361361e-01
9.230360934182588739e-01
