4.997487437185929582e-01
4.989924433249370295e-01
5.204545454545455030e-01
5.230379746835442933e-01
6.279187817258883308e-01
5.860050890585242200e-01
7.474489795918367596e-01
7.340153452685421742e-01
8.464102564102563564e-01
7.524421593830333821e-01
7.451030927835051720e-01
8.434108527131782829e-01
8.860103626943005573e-01
8.698701298701299045e-01
7.335937500000000444e-01
8.728459530026109192e-01
8.329842931937172512e-01
8.595800524934382736e-01
8.805263157894737125e-01
8.730870712401055389e-01
9.097883597883598128e-01
8.984084880636604709e-01
9.066489361702128047e-01
9.183999999999999941e-01
8.836898395721924926e-01
9.211796246648793485e-01
9.166666666666666297e-01
9.091644204851752065e-01
9.186486486486487024e-01
9.195121951219512590e-01
9.269021739130435256e-01
9.057220708446866997e-01
9.319672131147540561e-01
9.106849315068492601e-01
9.321428571428571619e-01
9.292011019283746842e-01
9.287292817679557722e-01
9.340720221606648721e-01
9.194444444444443976e-01
