8.671529423885615540e-01
8.732914929131931903e-01
8.920875145616555812e-01
8.995274840415945494e-01
9.123226345235986301e-01
9.117978332693205124e-01
9.106887522617534980e-01
9.121080039319635624e-01
9.351088536435721021e-01
9.466078457651039280e-01
9.425193810498938563e-01
9.426594509013783707e-01
9.507760092845669586e-01
9.546580721557872407e-01
9.615804355038356510e-01
9.609663557227665631e-01
9.665005877089876130e-01
9.655924017035985019e-01
9.671019882409157553e-01
9.677997139534570969e-01
9.700708971676127446e-01
9.713612194566626501e-01
9.711508426928144866e-01
9.725489950674264250e-01
9.732400049300823364e-01
9.744106808992789581e-01
9.750681006733756817e-01
9.766580760807398454e-01
9.774166950086544681e-01
9.773024251639846893e-01
9.774427539990383496e-01
9.785816108339273622e-01
9.787320831342570804e-01
9.793065657816711900e-01
9.795527546236961758e-01
9.799420157862780423e-01
9.805267294997518368e-01
9.810682240099010132e-01
9.809188627249560977e-01
