3.491882051218453853e+00
3.019208095326575858e+00
4.032298595112479234e+00
4.927696050654958526e+00
5.709623548701529216e+00
6.823116171877700253e+00
7.754576008504955098e+00
8.737343248641991522e+00
1.022785338469202543e+01
1.145529707651257922e+01
1.231041462372650130e+01
1.373976633821439464e+01
1.372816877977857075e+01
1.495965423290181207e+01
1.636495295588247245e+01
1.714299093757654191e+01
1.830210145073215244e+01
1.937017589851257071e+01
2.071386203100701096e+01
2.199606044808751903e+01
2.303010344531321607e+01
2.436131874917919049e+01
2.542413433136425738e+01
2.708591618744503648e+01
2.810513240820182546e+01
2.950991324176175112e+01
3.092620225399514311e+01
3.218675879481997981e+01
3.406276469131807971e+01
3.542556953937855724e+01
3.672855067511591187e+01
3.793629617971964763e+01
3.936621368091982731e+01
4.109190078247956990e+01
4.252406090311160369e+01
4.367803870870739047e+01
4.540479965035046916e+01
4.716351749127716175e+01
4.641963155866687885e+01
