4.997487437185929582e-01
5.002512562814069863e-01
5.226130653266332082e-01
5.263819095477386689e-01
6.314070351758793720e-01
5.909547738693466945e-01
7.510050251256281673e-01
7.381909547738693123e-01
8.484924623115578379e-01
7.570351758793969488e-01
7.505025125628140836e-01
8.467336683417084897e-01
8.884422110552764318e-01
8.731155778894472697e-01
7.417085427135677866e-01
8.763819095477386467e-01
8.384422110552763874e-01
8.643216080402009727e-01
8.846733668341708601e-01
8.778894472361808976e-01
9.128140703517587662e-01
9.022613065326633430e-01
9.103015075376884591e-01
9.213567839195979658e-01
8.889447236180904044e-01
9.243718592964823566e-01
9.201005025125628123e-01
9.130653266331658635e-01
9.221105527638191468e-01
9.226130653266331194e-01
9.296482412060301792e-01
9.097989949748743754e-01
9.334170854271356399e-01
9.135678391959799471e-01
9.331658291457286536e-01
9.304020100502512491e-01
9.301507537688442628e-01
9.351758793969848771e-01
9.221105527638191468e-01
