6.664432903333891156e-01
6.659946236559139976e-01
6.664421619801312868e-01
6.666666666666666297e-01
6.764705882352940736e-02
6.673465918748936465e-01
6.747112566798827427e-01
6.747404844290657566e-01
6.870229007633588125e-01
7.561414020371479694e-01
7.109965002762940189e-01
7.492187500000000444e-01
6.974042475948447617e-01
7.708035166632589696e-01
7.885714285714285898e-01
8.362627197039778082e-01
8.280542986425339924e-01
8.676707907477138049e-01
8.359351988217967877e-01
8.464899504806292496e-01
8.539260969976905091e-01
8.133211121295447210e-01
8.009950248756219082e-01
7.724358974358975782e-01
7.823042647994906673e-01
7.848504137492042787e-01
7.787042976266838057e-01
7.824696097248879934e-01
7.874720357941834559e-01
7.911877394636014360e-01
7.979637289214127627e-01
8.025477707006368755e-01
8.012779552715655340e-01
8.162366268093140809e-01
8.274570982839312139e-01
8.289020957147325008e-01
8.328134747348721056e-01
8.441838938599198761e-01
8.436724565756823502e-01
