8.807392188932651189e-01
9.156956116111401034e-01
9.211169577382302132e-01
9.271760108126291255e-01
9.293818262211924752e-01
9.285052577928069040e-01
9.185421892359321161e-01
9.247254519808824069e-01
9.186126752933082562e-01
9.257901631925427033e-01
9.357712529931736523e-01
9.427002750128266051e-01
9.454021599877151516e-01
9.402530132967181764e-01
9.360552049514748729e-01
9.402087600922345301e-01
9.468785395758155810e-01
9.412256820060622697e-01
9.387360165585220129e-01
9.430374582742622191e-01
9.453041714818100072e-01
9.417620736237757306e-01
9.425052293308804341e-01
9.400103822222223293e-01
9.425219315742319193e-01
9.441605831021808726e-01
9.402803792345935108e-01
9.410216261205968102e-01
9.411772096420745193e-01
9.444357619100218759e-01
9.449172805166824451e-01
9.490874381983497310e-01
9.494982070183830558e-01
9.526181880632579313e-01
9.567310580639590833e-01
9.586317351381936636e-01
9.598989529925683328e-01
9.632808219703654640e-01
9.640742829223907240e-01
