4.997487437185929582e-01
4.992443324937027582e-01
4.997474747474747736e-01
5.002531645569620045e-01
5.172588832487309274e-01
5.020356234096692294e-01
5.186224489795918657e-01
5.191815856777494131e-01
5.479487179487179116e-01
6.861182519280205616e-01
5.956185567010309212e-01
6.682170542635659238e-01
5.681347150259067336e-01
7.088311688311688119e-01
7.398437500000000222e-01
8.151436031331592558e-01
8.010471204188481797e-01
8.708661417322834941e-01
8.534210526315789691e-01
8.609498680738786325e-01
8.661375661375660950e-01
8.379310344827586299e-01
8.297872340425531679e-01
8.106666666666666465e-01
8.171122994652406657e-01
8.187667560321715277e-01
8.145161290322581182e-01
8.167115902964959817e-01
8.202702702702702187e-01
8.227642276422764134e-01
8.274456521739130821e-01
8.310626702997274684e-01
8.300546448087431362e-01
8.399999999999999689e-01
8.480769230769230616e-01
8.493112947658402190e-01
8.519337016574585197e-01
8.601108033240997264e-01
8.599999999999999867e-01
