1.577687114977379679e+00
2.333416298349220597e+00
3.204820096349976666e+00
4.055693046548185521e+00
4.893211622799753968e+00
5.733006177471906994e+00
6.624429348232297343e+00
7.472002942265135061e+00
8.422602407268641400e+00
9.353113647103782569e+00
1.022712357296950358e+01
1.115364907081311685e+01
1.209388004712764086e+01
1.329713065065516275e+01
1.408742374381836271e+01
1.504365584914194187e+01
1.605867337229210534e+01
1.708475560601800680e+01
1.807861662250979862e+01
1.920118032702885102e+01
2.021774211137380917e+01
2.127262860112023191e+01
2.243069363457289001e+01
2.352133719077937712e+01
2.465679425745292974e+01
2.573031152508156083e+01
2.691320319800252037e+01
2.815485163588709838e+01
2.921157276438134431e+01
3.036642568323077285e+01
3.170182629948249087e+01
3.339403977616530028e+01
3.389616415098862490e+01
3.519171076856036962e+01
3.648413465136582090e+01
3.770540491418068996e+01
3.900253727545350557e+01
4.200257191548735136e+01
4.361507311826608202e+01
