4.997487437185929582e-01
5.005025125628140836e-01
5.022613065326633208e-01
5.040201005025125580e-01
5.221105527638191246e-01
5.082914572864322134e-01
5.258793969849245853e-01
5.273869346733668362e-01
5.567839195979898959e-01
6.929648241206030068e-01
6.052763819095476894e-01
6.768844221105527748e-01
5.804020100502512713e-01
7.173366834170854522e-01
7.479899497487436655e-01
8.211055276381910017e-01
8.080402010050251604e-01
8.748743718592965068e-01
8.582914572864321912e-01
8.658291457286432236e-01
8.708542713567839488e-01
8.442211055276381826e-01
8.364321608040200529e-01
8.185929648241205836e-01
8.251256281407035598e-01
8.271356783919597833e-01
8.233668341708543226e-01
8.258793969849246297e-01
8.296482412060302014e-01
8.321608040201005085e-01
8.369346733668341365e-01
8.404522613065326109e-01
8.399497487437186383e-01
8.494974874371858942e-01
8.570351758793970376e-01
8.582914572864321912e-01
8.608040201005024983e-01
8.685929648241206280e-01
8.685929648241206280e-01
