0.000000000000000000e+00
6.664427275780987481e-01
8.015783540022547449e-01
6.671165851189471141e-01
6.670050761421320029e-01
6.662141523841845769e-01
6.675758608932833571e-01
6.674645238502306954e-01
6.733529310046688643e-01
6.700069108500344983e-01
6.797821886527315449e-01
6.800705467372134549e-01
7.357731366162100217e-01
8.305280147567443150e-01
8.091803278688524115e-01
8.507890961262554175e-01
8.590308370044053010e-01
8.516341406066306741e-01
8.719723183391002719e-01
8.630366994483088527e-01
8.371774377711805881e-01
8.739827373612822914e-01
8.966414996094765888e-01
8.883861236802413908e-01
9.071240105540897547e-01
9.114597181600638809e-01
9.119143239625167041e-01
9.138070791677924687e-01
9.049471928849361912e-01
9.016301292861158556e-01
9.025148346990674586e-01
9.048291443095171083e-01
9.089893914014516296e-01
9.133296763576522759e-01
9.145394006659266495e-01
9.139035943159653508e-01
9.132596685082872146e-01
9.138782227098189992e-01
9.144281362503461352e-01
