4.997487437185929582e-01
4.997481108312342712e-01
8.222222222222221877e-01
5.005063291139240089e-01
5.005076142131980044e-01
4.994910941475826927e-01
5.025510204081632404e-01
5.025575447570332921e-01
5.156410256410256521e-01
5.089974293059126298e-01
5.301546391752577359e-01
5.312661498708010077e-01
6.427461139896373243e-01
8.090909090909090828e-01
7.726562500000000444e-01
8.370757180156658261e-01
8.492146596858638485e-01
8.343832020997374865e-01
8.636842105263158320e-01
8.493403693931398379e-01
8.113756613756614167e-01
8.644562334217507082e-01
8.944148936170213116e-01
8.816000000000000503e-01
9.058823529411764719e-01
9.107238605898123618e-01
9.115591397849461819e-01
9.140161725067385001e-01
9.075675675675675125e-01
9.051490514905149443e-01
9.062500000000000000e-01
9.081743869209809583e-01
9.109289617486339141e-01
9.134246575342466201e-01
9.153846153846153522e-01
9.148760330578512567e-01
9.132596685082873256e-01
9.130193905817174382e-01
9.141666666666666829e-01
