8.671529423885615540e-01
8.954829725416624253e-01
9.084283832551609539e-01
9.120854089643675167e-01
9.134512390041585883e-01
9.326736283678142003e-01
9.408183473743724212e-01
9.414955353405113359e-01
9.489658226672988972e-01
9.502048638646576340e-01
9.535262133115668393e-01
9.532609064339433447e-01
9.499971005652824152e-01
9.390065168775227900e-01
9.454060966307179514e-01
9.470410667539268523e-01
9.472431350780891046e-01
9.536790282397633600e-01
9.548279187169024240e-01
9.579055535829906765e-01
9.614163780292926953e-01
9.596411609498678441e-01
9.613378580870636236e-01
9.645867040776618939e-01
9.663402873042060692e-01
9.679849438326294520e-01
9.692717349737002275e-01
9.698820915926179564e-01
9.699323671836354022e-01
9.692976683736900245e-01
9.704753254617014546e-01
9.703895445132424413e-01
9.725766707755226781e-01
9.733525373052767105e-01
9.730393910548730263e-01
9.729753358654789075e-01
9.737991279705107139e-01
9.746963115388109777e-01
9.751385759952641008e-01
