1.577160672017271281e+00
2.418683807067282032e+00
3.265415348954775254e+00
4.052837595982055063e+00
4.907361006869905395e+00
5.744628977456159191e+00
6.619164918627575389e+00
7.511401916319300653e+00
8.396752817710876116e+00
9.335071322117073578e+00
1.023309705410065362e+01
1.117224991286639124e+01
1.213682812770639430e+01
1.309539437249077309e+01
1.410771980918070767e+01
1.509158439658858697e+01
1.610025894493446685e+01
1.711099094013297872e+01
1.850469073079693771e+01
1.914173888685763814e+01
2.016719375110915280e+01
2.144376361813010590e+01
2.261087825311733468e+01
2.346084329234145116e+01
2.460270063955795194e+01
2.576035213089562603e+01
2.702652485636099300e+01
2.814207801705015299e+01
2.907772838365781354e+01
3.040063250133061956e+01
3.134002228081044450e+01
3.244435164336937305e+01
3.366730130627001927e+01
3.473991964367814944e+01
3.599364248493111518e+01
3.716269311283394927e+01
3.834461529250438616e+01
3.973437510023177310e+01
4.103977915910218144e+01
