4.997487437185929582e-01
5.007537688442210699e-01
8.226130653266331416e-01
5.035175879396984744e-01
5.047738693467336279e-01
5.050251256281407253e-01
5.092964824120602696e-01
5.105527638190954232e-01
5.243718592964824454e-01
5.190954773869346228e-01
5.409547738693467611e-01
5.432160804020100819e-01
6.520100502512562457e-01
8.138190954773869557e-01
7.791457286432160734e-01
8.417085427135678755e-01
8.537688442211055495e-01
8.391959798994974573e-01
8.675879396984924607e-01
8.542713567839196331e-01
8.183417085427135973e-01
8.690954773869347116e-01
8.977386934673367014e-01
8.856783919597990273e-01
9.085427135678392219e-01
9.133165829145728498e-01
9.143216080402010171e-01
9.168341708542713242e-01
9.108040201005025427e-01
9.087939698492462082e-01
9.097989949748743754e-01
9.118090452261305989e-01
9.145728643216080034e-01
9.168341708542713242e-01
9.188442211055276587e-01
9.185929648241205614e-01
9.173366834170854078e-01
9.173366834170854078e-01
9.183417085427135751e-01
