6.664432903333891156e-01
0.000000000000000000e+00
7.033006244424621078e-01
3.611570247933884592e-01
7.122341392474097477e-01
5.859375000000000000e-01
7.503869969040247723e-01
6.161369193154033752e-01
7.734939759036143503e-01
7.898856110776639738e-01
7.784989858012170139e-01
8.248847926267280917e-01
8.702143029135565033e-01
8.732258840509983244e-01
7.293428757319453393e-01
8.635730858468676496e-01
8.107617896009673419e-01
8.681551116333724449e-01
7.844854551141694499e-01
8.956898750318796898e-01
8.217522658610272313e-01
8.965873836608064806e-01
8.898117386489478031e-01
9.005910800644816305e-01
8.923076923076923572e-01
8.474474474474474883e-01
9.076631464933657689e-01
8.957605985037407903e-01
8.762128785651279728e-01
9.133643071877562969e-01
8.811764705882353388e-01
9.138115631691648977e-01
9.182879377431906187e-01
8.830705147277595479e-01
9.189771197846567929e-01
9.079365079365080415e-01
9.200643776824034559e-01
9.176872685844488231e-01
9.191176470588234837e-01
