4.997487437185929582e-01
4.989924433249370295e-01
5.800505050505050386e-01
6.086075949367089066e-01
5.982233502538071290e-01
7.033078880407124256e-01
6.709183673469387710e-01
7.189258312020460062e-01
7.107692307692308198e-01
8.205655526992288173e-01
7.185567010309278357e-01
8.428940568475452588e-01
8.603626943005181493e-01
8.631168831168831712e-01
7.833333333333333259e-01
8.464751958224543404e-01
8.361256544502617682e-01
8.527559055118110187e-01
8.186842105263157920e-01
8.920844327176781219e-01
8.439153439153439518e-01
8.938992042440317976e-01
8.941489361702127381e-01
9.013333333333333197e-01
8.839572192513368565e-01
8.638069705093833761e-01
9.083333333333333259e-01
8.873315363881401074e-01
8.862162162162162682e-01
9.140921409214092241e-01
8.902173913043478493e-01
9.122615803814714264e-01
9.196721311475409832e-01
8.923287671232876805e-01
9.173076923076922684e-01
9.121212121212121104e-01
9.176795580110497230e-01
9.199445983379501701e-01
9.205555555555555713e-01
