8.708865611693040742e-01
8.953526323096059336e-01
9.150805823590915100e-01
9.203192521386365232e-01
9.213274460330811433e-01
9.239773169902951722e-01
9.276475759182568614e-01
9.374297653406885589e-01
9.368812457281381345e-01
9.438736182982043754e-01
9.418242553132695205e-01
9.455659075224291943e-01
9.467284884771371978e-01
9.488369155939045951e-01
9.575226429077539070e-01
9.538885543942774436e-01
9.585200413916927786e-01
9.519689040359061716e-01
9.601414307732708542e-01
9.598348549048961731e-01
9.628317811115304492e-01
9.612481618811079542e-01
9.652976067197904797e-01
9.669774222222222715e-01
9.662743759036585001e-01
9.678565103489834565e-01
9.687833853624696623e-01
9.682428558268024732e-01
9.713615443232073154e-01
9.723759048490006052e-01
9.728807221410451511e-01
9.728935744707263300e-01
9.745336590531015197e-01
9.760065981629868492e-01
9.757174892766055097e-01
9.762756904829555937e-01
9.763411215409710797e-01
9.775421123759939768e-01
9.775323449972544987e-01
