1.758667805370350834e+00
2.595084027663688175e+00
3.585865938053757418e+00
4.102176888962276280e+00
5.645196564910293091e+00
5.890621411708707456e+00
6.647456718172179535e+00
8.306477210084267426e+00
8.419274467283685226e+00
9.370712177071254700e+00
1.014737353940290632e+01
1.126817007130011916e+01
1.200112772452848731e+01
1.286152380944258766e+01
1.390528482422087109e+01
1.493652497480070451e+01
1.593282704759621993e+01
1.694337941879348364e+01
1.792650845451134956e+01
1.898373887083289446e+01
2.003947506283293478e+01
2.117494740920665208e+01
2.223369428786827484e+01
2.330299139943963382e+01
2.440105040462367469e+01
2.550365452028927393e+01
2.667867505838512443e+01
2.794778682456671959e+01
2.911249704383953940e+01
3.023940946065704338e+01
3.140618140157312155e+01
3.265625912774703465e+01
3.391784888148686150e+01
3.543408884177188156e+01
3.651207332390185911e+01
3.792379113874631003e+01
3.931544127300730906e+01
4.410508622153429314e+01
4.214284767337085214e+01
