4.997487437185929582e-01
5.002512562814069863e-01
5.821608040201005085e-01
6.115577889447235682e-01
6.022613065326632986e-01
7.070351758793970154e-01
6.758793969849246075e-01
7.238693467336683174e-01
7.165829145728642713e-01
8.246231155778894761e-01
7.256281407035175546e-01
8.472361809045225733e-01
8.645728643216080700e-01
8.673366834170854744e-01
7.907035175879396638e-01
8.520100502512563123e-01
8.424623115577889454e-01
8.587939698492462748e-01
8.266331658291456996e-01
8.967336683417085341e-01
8.512562814070351314e-01
8.987437185929648686e-01
8.989949748743718549e-01
9.057788944723618174e-01
8.891959798994975017e-01
8.706030150753768515e-01
9.125628140703517799e-01
8.932160804020100597e-01
8.924623115577889898e-01
9.180904522613064778e-01
8.959798994974874642e-01
9.165829145728643379e-01
9.236180904522612867e-01
8.987437185929648686e-01
9.218592964824120495e-01
9.165829145728643379e-01
9.218592964824120495e-01
9.241206030150753703e-01
9.246231155778894539e-01
