6.659963130551366239e-01
2.679900744416873273e-02
6.682440425891498226e-01
8.255064456721915578e-01
5.893909626719057854e-02
8.156711624919716908e-01
1.049590755897929772e-01
8.719860800397712941e-01
3.873355263157894912e-01
8.441064638783269958e-01
8.460900801326333154e-01
7.657962926051424812e-01
7.965290245362057764e-01
8.746766988008464194e-01
8.236321303841676045e-01
8.862217954872778636e-01
8.377752027809964863e-01
8.867018722995677615e-01
8.847904191616766667e-01
7.750316856780734565e-01
8.888888888888888395e-01
8.376273217495504575e-01
8.763453719205931414e-01
8.731665228645383303e-01
8.844000973472864180e-01
9.066596748820135998e-01
8.849858356940509818e-01
9.050165520753755688e-01
9.068627450980393245e-01
9.141201264488935108e-01
8.761346998535871622e-01
8.966704936854190677e-01
9.149348850096979957e-01
9.198423127463862814e-01
9.221462388216729034e-01
9.196177627880831595e-01
9.284735543984652395e-01
9.302949061662197927e-01
9.277652370203159915e-01
