8.264876993988269360e-01
8.769681954387839040e-01
8.773803429300800483e-01
8.770589349747131003e-01
8.912430776080914052e-01
9.209346569895970891e-01
9.208723322063616656e-01
9.357793148342344880e-01
9.419662005774636082e-01
9.439688545212939763e-01
9.451883252081253461e-01
9.465386792072368882e-01
9.489764935403479651e-01
9.505926800472254135e-01
9.527049626586002740e-01
9.577129846137064639e-01
9.578658276508983382e-01
9.577839661572917773e-01
9.593149133683250840e-01
9.635292630275108516e-01
9.641473801375999297e-01
9.660969868491263712e-01
9.658656218452776887e-01
9.672018488888887155e-01
9.660568364611259451e-01
9.663552143466443978e-01
9.673031469832197304e-01
9.688763887229981941e-01
9.691593774023017360e-01
9.699535109172229275e-01
9.706553449604515826e-01
9.727867579823241684e-01
9.741180377055602690e-01
9.755145055357478112e-01
9.770707040212535111e-01
9.777847327182966897e-01
9.779759470101644370e-01
9.795452703847484788e-01
9.798910431762478668e-01
