4.992462311557788746e-01
5.060453400503778232e-01
5.042929292929293483e-01
8.081012658227848533e-01
5.137055837563452299e-01
7.809160305343511022e-01
5.257653061224489832e-01
8.682864450127877332e-01
6.179487179487179738e-01
8.208226221079691909e-01
8.564432989690721199e-01
6.963824289405684542e-01
8.238341968911917501e-01
8.615584415584415234e-01
8.421874999999999778e-01
8.762402088772845987e-01
8.534031413612565009e-01
8.761154855643044082e-01
8.734210526315789869e-01
8.126649076517150627e-01
8.793650793650793496e-01
8.562334217506630818e-01
8.625000000000000444e-01
8.823999999999999622e-01
8.729946524064171598e-01
9.045576407506702443e-01
8.908602150537634490e-01
8.994609164420485081e-01
9.075675675675675125e-01
9.116531165311653195e-01
8.850543478260869401e-01
9.019073569482288777e-01
9.161202185792349795e-01
9.164383561643835163e-01
9.186813186813186372e-01
9.212121212121212599e-01
9.279005524861878573e-01
9.279778393351800769e-01
9.288888888888888751e-01
