1.623606434826797340e+00
2.322742188145639375e+00
3.150290142097219359e+00
3.844941939503769390e+00
4.701415578678279417e+00
5.604148161706689280e+00
6.344989622964931186e+00
7.270465292214794317e+00
8.173086257454997394e+00
9.002254166101920418e+00
9.936011789573967690e+00
1.085961775398754980e+01
1.172770947900426108e+01
1.279220959168742411e+01
1.366844214499360532e+01
1.514479007944464684e+01
1.577658010800223565e+01
1.678261559390375623e+01
1.787303327108020312e+01
1.881925573601984070e+01
1.983869006050008466e+01
2.086753449139359873e+01
2.211280153373809299e+01
2.313775259939211537e+01
2.422185809829898062e+01
2.533354003293788992e+01
2.654817333857135964e+01
2.770030795389902778e+01
2.954452288100583246e+01
3.004743328271433711e+01
3.131047663360732258e+01
3.256445413984693005e+01
3.393964385800791206e+01
3.566774036419883487e+01
3.646916334129855386e+01
3.755852685049103457e+01
3.894542788314720383e+01
4.015885776943105157e+01
4.166075463032029802e+01
