4.992462311557788746e-01
5.072864321608040461e-01
5.067839195979899625e-01
8.095477386934673003e-01
5.183417085427135529e-01
7.831658291457286314e-01
5.324120603015075615e-01
8.701005025125627679e-01
6.248743718592965068e-01
8.241206030150753925e-01
8.587939698492462748e-01
7.035175879396985410e-01
8.278894472361808532e-01
8.648241206030150563e-01
8.464824120603015034e-01
8.796482412060301348e-01
8.577889447236181075e-01
8.793969849246231485e-01
8.768844221105527303e-01
8.193467336683416535e-01
8.831658291457286092e-01
8.613065326633165819e-01
8.675879396984924607e-01
8.861809045226131110e-01
8.773869346733668140e-01
9.070351758793969710e-01
8.937185929648241434e-01
9.020100502512562457e-01
9.095477386934673891e-01
9.130653266331658635e-01
8.886934673366834181e-01
9.045226130653266639e-01
9.175879396984925052e-01
9.180904522613064778e-01
9.203517587939697986e-01
9.228643216080402167e-01
9.288944723618089983e-01
9.291457286432160956e-01
9.301507537688442628e-01
