6.657727120348642114e-01
4.921583271097834111e-01
6.662173546756529063e-01
7.191256830601091554e-01
1.705970898143501988e-02
7.836422240128928518e-01
4.414556962025316111e-01
7.720690339218408971e-01
6.253934942287512344e-01
8.891113892365457572e-01
8.304195804195804165e-01
7.935323383084577076e-01
8.847780126849893456e-01
8.854293359279979958e-01
8.383513592516806945e-01
8.468258590564938793e-01
8.971962616822428682e-01
8.950246036085292012e-01
8.290201282902012192e-01
8.912556053811659940e-01
9.104166666666667629e-01
8.586572438162544119e-01
9.200214707461085162e-01
8.994350282485875647e-01
8.920721165719930346e-01
9.071740807405501705e-01
9.061525375673377125e-01
9.045099521289997613e-01
9.061946902654867131e-01
9.046384327283204518e-01
9.276368491321762555e-01
8.756398675097861739e-01
9.011695906432748426e-01
9.047496790757381113e-01
9.161882893226176439e-01
9.049586776859503967e-01
9.285309132161088108e-01
9.317017643710870933e-01
9.214517876489707326e-01
