8.705961792729649540e-01
8.932677431536887314e-01
9.006961295442215132e-01
9.169862952591395500e-01
9.264272079619384481e-01
9.387391148506277760e-01
9.467840664310862575e-01
9.496795546863247006e-01
9.529879880867065944e-01
9.531657742588997007e-01
9.535434035347548631e-01
9.559958613498793500e-01
9.578981986093586531e-01
9.585001180637546803e-01
9.578900367730434073e-01
9.604739170555166572e-01
9.631414737160657324e-01
9.630723590086127661e-01
9.666173956305382786e-01
9.675356952799774035e-01
9.682535461092180995e-01
9.685372792742134029e-01
9.704497304197846619e-01
9.706859338448794450e-01
9.733177078462881271e-01
9.750039460190346174e-01
9.761442416198016225e-01
9.772965577208326815e-01
9.780404531808120083e-01
9.776094213284819423e-01
9.790733297416338576e-01
9.763039016447095930e-01
9.772571385913180197e-01
9.786643246935543550e-01
9.754643511401525080e-01
9.793600401196791427e-01
9.786740194215535205e-01
9.796836119278286015e-01
9.802745719824721427e-01
