4.989949748743718327e-01
6.574307304785894646e-01
4.997474747474747736e-01
6.096202531645569245e-01
5.027918781725888575e-01
7.267175572519083415e-01
6.397959183673469497e-01
7.061381074168797678e-01
7.253846153846154055e-01
8.861182519280205172e-01
8.499999999999999778e-01
7.426356589147287135e-01
8.870466321243523078e-01
8.776623376623376993e-01
8.559895833333333037e-01
8.626631853785901027e-01
8.934554973821989821e-01
8.992125984251968518e-01
7.965789473684210531e-01
8.976253298153034077e-01
9.089947089947090220e-01
8.726790450928382237e-01
9.207446808510638681e-01
9.050666666666666860e-01
8.831550802139037648e-01
9.032171581769437019e-01
9.110215053763440762e-01
8.978436657681940769e-01
8.997297297297297547e-01
9.102981029810297553e-01
9.263586956521738802e-01
8.874659400544958610e-01
9.076502732240436799e-01
8.983561643835616950e-01
9.197802197802197322e-01
8.986225895316803935e-01
9.303867403314917128e-01
9.335180055401661736e-01
9.194444444444443976e-01
