1.577979991765459999e+00
2.301031459537625778e+00
3.237894708930980414e+00
4.127384547224210110e+00
4.884931898181093857e+00
5.719148694133764366e+00
6.518643805404281011e+00
7.474991414837859338e+00
8.335952003497368423e+00
9.211873652086069342e+00
1.023322429572726833e+01
1.108345289836142911e+01
1.204486735658792895e+01
1.302193781306777964e+01
1.406797694258784759e+01
1.492920353225417784e+01
1.606006234345113626e+01
1.702734122583933640e+01
1.809705059621410328e+01
1.944331633977344609e+01
2.022228446969165816e+01
2.122127477775939042e+01
2.253645133272220846e+01
2.350041674916792545e+01
2.463036123535493971e+01
2.576535375354433199e+01
2.704265894950003712e+01
2.839414378680157824e+01
2.932405423170348513e+01
3.055737047311777133e+01
3.180436994325646083e+01
3.294562032760950387e+01
3.424691094568697736e+01
3.545766628163619316e+01
3.674210432456675335e+01
3.800214212066202890e+01
3.942776084028810146e+01
4.171964177960762754e+01
4.335978304239324643e+01
