4.989949748743718327e-01
6.582914572864321245e-01
5.022613065326633208e-01
6.125628140703517355e-01
5.077889447236181297e-01
7.301507537688441962e-01
6.452261306532662832e-01
7.113065326633165597e-01
7.309045226130653772e-01
8.884422110552764318e-01
8.532663316582914659e-01
7.492462311557789301e-01
8.899497487437185717e-01
8.804020100502512047e-01
8.597989949748743310e-01
8.658291457286432236e-01
8.954773869346733806e-01
9.007537688442210921e-01
8.030150753768844352e-01
8.997487437185929249e-01
9.105527638190954454e-01
8.763819095477386467e-01
9.221105527638191468e-01
9.070351758793969710e-01
8.864321608040200973e-01
9.055276381909547201e-01
9.130653266331658635e-01
9.010050251256281895e-01
9.025125628140703293e-01
9.125628140703517799e-01
9.276381909547738447e-01
8.912060301507537252e-01
9.095477386934673891e-01
9.010050251256281895e-01
9.206030150753768959e-01
9.015075376884421621e-01
9.304020100502512491e-01
9.331658291457286536e-01
9.203517587939697986e-01
